id, img1, img2
1, 49, 259
2, 460, 783
3, 153, 456
4, 554, 634
5, 433, 664
6, 82, 158
7, 244, 518
8, 917, 972
9, 553, 884
10, 57, 472
11, 220, 782
12, 223, 612
13, 527, 932
14, 235, 445
15, 97, 889
16, 137, 379
17, 132, 726
18, 406, 662
19, 403, 599
20, 501, 902
21, 895, 959
22, 673, 740
23, 44, 670
24, 620, 925
25, 124, 340
26, 85, 419
27, 267, 668
28, 11, 289
29, 168, 446
30, 571, 778
31, 55, 422
32, 152, 225
33, 264, 698
34, 317, 883
35, 2, 659
36, 70, 78
37, 349, 867
38, 434, 502
39, 104, 628
40, 448, 797
41, 676, 803
42, 185, 318
43, 366, 725
44, 260, 443
45, 519, 653
46, 54, 414
47, 337, 846
48, 397, 909
49, 498, 816
50, 784, 967
51, 407, 890
52, 489, 722
53, 80, 556
54, 251, 291
55, 320, 745
56, 541, 821
57, 585, 871
58, 201, 950
59, 348, 613
60, 43, 573
61, 284, 391
62, 590, 592
63, 420, 973
64, 45, 453
65, 610, 748
66, 1, 763
67, 322, 618
68, 678, 844
69, 65, 671
70, 405, 946
71, 393, 699
72, 334, 657
73, 543, 701
74, 72, 304
75, 226, 806
76, 316, 911
77, 293, 652
78, 91, 111
79, 474, 861
80, 47, 655
81, 191, 410
82, 214, 672
83, 301, 496
84, 198, 968
85, 71, 755
86, 394, 402
87, 114, 339
88, 27, 62
89, 173, 705
90, 222, 254
91, 36, 486
92, 286, 511
93, 351, 530
94, 616, 703
95, 330, 493
96, 368, 742
97, 161, 300
98, 174, 943
99, 180, 309
100, 581, 984
101, 164, 481
102, 876, 894
103, 183, 947
104, 679, 981
105, 242, 487
106, 256, 854
107, 648, 714
108, 837, 986
109, 491, 534
110, 18, 975
111, 169, 688
112, 335, 939
113, 139, 752
114, 17, 416
115, 468, 896
116, 942, 993
117, 760, 931
118, 295, 741
119, 253, 640
120, 155, 682
121, 31, 658
122, 888, 974
123, 126, 465
124, 7, 822
125, 364, 971
126, 746, 774
127, 832, 901
128, 50, 108
129, 471, 796
130, 46, 934
131, 261, 692
132, 509, 781
133, 580, 936
134, 506, 960
135, 767, 937
136, 311, 584
137, 570, 997
138, 370, 459
139, 101, 272
140, 133, 531
141, 60, 690
142, 398, 817
143, 892, 935
144, 572, 1000
145, 79, 156
146, 305, 656
147, 102, 524
148, 30, 147
149, 165, 743
150, 562, 639
151, 608, 922
152, 227, 877
153, 355, 786
154, 42, 966
155, 53, 995
156, 401, 921
157, 283, 520
158, 268, 916
159, 120, 241
160, 758, 926
161, 59, 497
162, 146, 992
163, 115, 505
164, 10, 747
165, 622, 878
166, 64, 390
167, 644, 891
168, 14, 363
169, 128, 504
170, 408, 522
171, 314, 413
172, 90, 495
173, 99, 561
174, 83, 962
175, 103, 148
176, 514, 551
177, 41, 711
178, 224, 536
179, 107, 843
180, 192, 308
181, 466, 771
182, 739, 954
183, 315, 604
184, 331, 507
185, 37, 350
186, 13, 58
187, 458, 724
188, 426, 528
189, 447, 499
190, 15, 663
191, 51, 181
192, 515, 674
193, 249, 728
194, 651, 787
195, 732, 914
196, 358, 999
197, 22, 375
198, 482, 685
199, 603, 850
200, 203, 569
201, 389, 633
202, 221, 425
203, 63, 978
204, 332, 594
205, 210, 982
206, 312, 689
207, 586, 669
208, 281, 904
209, 597, 849
210, 193, 642
211, 296, 326
212, 897, 944
213, 503, 955
214, 415, 956
215, 66, 702
216, 25, 576
217, 808, 991
218, 81, 730
219, 307, 630
220, 6, 454
221, 258, 945
222, 178, 347
223, 240, 756
224, 508, 809
225, 609, 830
226, 195, 197
227, 179, 376
228, 77, 373
229, 141, 908
230, 646, 923
231, 324, 862
232, 171, 338
233, 709, 983
234, 344, 855
235, 16, 963
236, 299, 477
237, 75, 596
238, 820, 948
239, 149, 754
240, 341, 542
241, 106, 228
242, 154, 769
243, 245, 802
244, 828, 957
245, 660, 953
246, 33, 952
247, 67, 219
248, 333, 430
249, 735, 841
250, 323, 823
251, 380, 387
252, 163, 795
253, 587, 994
254, 727, 770
255, 234, 886
256, 116, 694
257, 123, 532
258, 4, 913
259, 200, 681
260, 329, 819
261, 675, 900
262, 438, 864
263, 20, 40
264, 645, 915
265, 545, 905
266, 512, 882
267, 52, 773
268, 352, 868
269, 213, 574
270, 215, 873
271, 310, 880
272, 457, 805
273, 751, 811
274, 441, 912
275, 462, 589
276, 278, 833
277, 328, 526
278, 130, 288
279, 548, 893
280, 766, 827
281, 749, 872
282, 109, 151
283, 738, 842
284, 211, 680
285, 549, 666
286, 941, 949
287, 69, 96
288, 858, 869
289, 204, 979
290, 488, 834
291, 119, 731
292, 695, 969
293, 273, 533
294, 753, 863
295, 356, 404
296, 98, 476
297, 371, 729
298, 129, 384
299, 319, 643
300, 605, 801
301, 160, 271
302, 785, 977
303, 257, 793
304, 9, 87
305, 5, 187
306, 170, 202
307, 485, 853
308, 140, 199
309, 38, 715
310, 247, 575
311, 190, 282
312, 294, 845
313, 48, 360
314, 435, 629
315, 138, 176
316, 345, 625
317, 744, 919
318, 354, 825
319, 621, 810
320, 721, 951
321, 206, 269
322, 150, 903
323, 395, 779
324, 611, 623
325, 35, 275
326, 627, 667
327, 790, 840
328, 617, 762
329, 56, 361
330, 84, 93
331, 856, 910
332, 708, 987
333, 641, 794
334, 409, 607
335, 262, 831
336, 372, 759
337, 417, 537
338, 194, 243
339, 61, 494
340, 216, 386
341, 100, 525
342, 142, 510
343, 250, 940
344, 383, 654
345, 359, 777
346, 412, 860
347, 381, 638
348, 89, 757
349, 177, 196
350, 463, 523
351, 546, 789
352, 437, 927
353, 428, 761
354, 157, 218
355, 209, 588
356, 538, 829
357, 411, 566
358, 369, 775
359, 39, 649
360, 377, 539
361, 470, 961
362, 167, 865
363, 92, 365
364, 550, 578
365, 455, 815
366, 473, 996
367, 24, 772
368, 127, 606
369, 357, 898
370, 392, 965
371, 23, 788
372, 280, 693
373, 172, 568
374, 122, 233
375, 342, 719
376, 266, 343
377, 513, 718
378, 427, 431
379, 636, 697
380, 279, 540
381, 238, 418
382, 270, 637
383, 717, 720
384, 479, 684
385, 136, 700
386, 567, 595
387, 212, 529
388, 442, 516
389, 517, 577
390, 800, 813
391, 706, 887
392, 86, 424
393, 285, 976
394, 857, 870
395, 8, 938
396, 851, 874
397, 593, 899
398, 598, 875
399, 421, 859
400, 847, 998
401, 189, 835
402, 144, 734
403, 26, 765
404, 217, 824
405, 303, 439
406, 382, 563
407, 297, 985
408, 353, 677
409, 231, 232
410, 184, 906
411, 388, 791
412, 237, 560
413, 229, 432
414, 143, 313
415, 400, 989
416, 112, 818
417, 236, 686
418, 74, 798
419, 131, 277
420, 292, 707
421, 423, 583
422, 252, 480
423, 691, 907
424, 619, 687
425, 12, 207
426, 483, 980
427, 601, 852
428, 490, 750
429, 799, 970
430, 121, 475
431, 230, 712
432, 665, 696
433, 385, 429
434, 452, 768
435, 162, 302
436, 838, 885
437, 182, 248
438, 19, 484
439, 105, 879
440, 436, 733
441, 469, 602
442, 274, 814
443, 3, 723
444, 290, 582
445, 145, 924
446, 346, 933
447, 930, 988
448, 263, 626
449, 287, 449
450, 464, 928
451, 28, 650
452, 73, 117
453, 246, 535
454, 461, 704
455, 306, 683
456, 710, 836
457, 68, 776
458, 631, 990
459, 558, 713
460, 276, 839
461, 544, 866
462, 94, 918
463, 255, 325
464, 396, 826
465, 239, 521
466, 205, 848
467, 175, 500
468, 579, 600
469, 88, 614
470, 166, 920
471, 492, 615
472, 110, 624
473, 29, 444
474, 635, 804
475, 21, 478
476, 559, 792
477, 135, 450
478, 367, 591
479, 208, 440
480, 467, 564
481, 32, 186
482, 95, 378
483, 555, 737
484, 125, 632
485, 565, 736
486, 113, 265
487, 188, 958
488, 159, 929
489, 716, 764
490, 34, 557
491, 321, 647
492, 76, 451
493, 298, 964
494, 118, 881
495, 552, 780
496, 336, 661
497, 362, 374
498, 547, 807
499, 134, 327
500, 399, 812
501, 654, 921
502, 334, 613
503, 97, 200
504, 167, 793
505, 361, 486
506, 539, 702
507, 23, 148
508, 9, 674
509, 497, 713
510, 467, 991
511, 25, 751
512, 154, 679
513, 120, 655
514, 36, 358
515, 173, 808
516, 20, 275
517, 59, 427
518, 234, 482
519, 339, 778
520, 434, 527
521, 87, 493
522, 407, 550
523, 283, 892
524, 166, 611
525, 132, 603
526, 745, 860
527, 129, 314
528, 29, 900
529, 251, 878
530, 333, 915
531, 243, 586
532, 779, 787
533, 763, 983
534, 296, 567
535, 215, 258
536, 749, 949
537, 326, 577
538, 133, 272
539, 432, 519
540, 160, 473
541, 826, 912
542, 95, 853
543, 372, 421
544, 99, 188
545, 254, 747
546, 417, 488
547, 534, 738
548, 248, 468
549, 367, 513
550, 569, 849
551, 639, 667
552, 323, 584
553, 123, 718
554, 45, 268
555, 869, 888
556, 769, 831
557, 262, 355
558, 213, 226
559, 175, 788
560, 799, 978
561, 525, 707
562, 21, 503
563, 688, 830
564, 307, 996
565, 574, 781
566, 298, 514
567, 94, 924
568, 650, 982
569, 309, 354
570, 528, 740
571, 308, 329
572, 469, 715
573, 145, 701
574, 10, 428
575, 366, 971
576, 723, 807
577, 410, 842
578, 316, 704
579, 400, 905
580, 420, 850
581, 280, 628
582, 107, 772
583, 454, 564
584, 359, 961
585, 673, 989
586, 165, 645
587, 342, 908
588, 697, 957
589, 636, 938
590, 253, 478
591, 206, 727
592, 105, 689
593, 623, 635
594, 83, 117
595, 267, 459
596, 533, 947
597, 98, 678
598, 126, 363
599, 238, 916
600, 164, 962
601, 671, 810
602, 403, 1000
603, 317, 375
604, 140, 542
605, 225, 381
606, 76, 529
607, 479, 914
608, 297, 572
609, 593, 820
610, 5, 846
611, 561, 887
612, 839, 865
613, 168, 780
614, 17, 300
615, 65, 146
616, 515, 642
617, 217, 855
618, 344, 777
619, 290, 549
620, 7, 871
621, 34, 495
622, 809, 970
623, 750, 859
624, 312, 662
625, 71, 891
626, 37, 295
627, 485, 923
628, 362, 368
629, 91, 386
630, 250, 531
631, 464, 792
632, 19, 212
633, 338, 651
634, 284, 393
635, 242, 973
636, 716, 945
637, 396, 524
638, 228, 517
639, 492, 834
640, 24, 590
641, 43, 608
642, 353, 880
643, 196, 732
644, 93, 287
645, 155, 573
646, 125, 138
647, 14, 472
648, 265, 960
649, 66, 500
650, 802, 856
651, 501, 646
652, 638, 729
653, 736, 862
654, 669, 997
655, 233, 383
656, 599, 927
657, 717, 984
658, 675, 993
659, 818, 910
660, 54, 439
661, 139, 790
662, 90, 273
663, 409, 535
664, 491, 940
665, 575, 700
666, 384, 756
667, 86, 791
668, 193, 201
669, 276, 907
670, 327, 708
671, 442, 462
672, 335, 958
673, 502, 518
674, 119, 430
675, 867, 965
676, 406, 602
677, 161, 389
678, 52, 836
679, 279, 570
680, 178, 948
681, 1, 724
682, 471, 757
683, 917, 998
684, 555, 686
685, 3, 893
686, 582, 754
687, 735, 922
688, 46, 412
689, 209, 815
690, 680, 874
691, 703, 720
692, 370, 870
693, 115, 596
694, 8, 563
695, 445, 591
696, 814, 896
697, 607, 995
698, 477, 783
699, 191, 743
700, 153, 644
701, 80, 282
702, 425, 956
703, 337, 604
704, 612, 953
705, 214, 441
706, 183, 994
707, 172, 304
708, 649, 866
709, 694, 858
710, 291, 566
711, 269, 589
712, 142, 194
713, 498, 656
714, 402, 516
715, 382, 902
716, 121, 223
717, 341, 980
718, 457, 576
719, 57, 585
720, 292, 476
721, 311, 835
722, 31, 875
723, 231, 324
724, 235, 247
725, 565, 861
726, 299, 610
727, 103, 347
728, 78, 633
729, 12, 816
730, 538, 619
731, 433, 466
732, 104, 286
733, 699, 796
734, 543, 583
735, 774, 950
736, 218, 401
737, 306, 805
738, 719, 857
739, 49, 429
740, 687, 941
741, 68, 244
742, 784, 930
743, 450, 975
744, 55, 199
745, 325, 712
746, 391, 813
747, 141, 390
748, 379, 416
749, 257, 841
750, 509, 663
751, 321, 435
752, 461, 990
753, 541, 653
754, 278, 873
755, 594, 985
756, 61, 204
757, 463, 795
758, 731, 872
759, 560, 624
760, 666, 920
761, 455, 634
762, 520, 909
763, 631, 658
764, 627, 692
765, 537, 571
766, 192, 626
767, 523, 770
768, 82, 351
769, 811, 889
770, 261, 936
771, 595, 739
772, 185, 988
773, 630, 933
774, 122, 397
775, 742, 794
776, 313, 766
777, 840, 854
778, 4, 431
779, 241, 511
780, 661, 741
781, 33, 436
782, 545, 668
783, 348, 378
784, 176, 597
785, 230, 356
786, 143, 544
787, 696, 977
788, 446, 752
789, 289, 490
790, 364, 489
791, 220, 901
792, 776, 897
793, 505, 847
794, 84, 771
795, 100, 169
796, 376, 394
797, 332, 939
798, 691, 725
799, 906, 929
800, 27, 184
801, 480, 641
802, 293, 579
803, 310, 934
804, 331, 380
805, 13, 951
806, 833, 979
807, 552, 625
808, 460, 722
809, 210, 388
810, 38, 365
811, 127, 913
812, 51, 101
813, 106, 116
814, 30, 395
815, 266, 277
816, 186, 259
817, 609, 721
818, 670, 844
819, 392, 827
820, 232, 423
821, 177, 437
822, 156, 744
823, 302, 357
824, 240, 952
825, 42, 963
826, 221, 622
827, 252, 986
828, 163, 526
829, 350, 801
830, 444, 918
831, 800, 879
832, 53, 113
833, 150, 346
834, 798, 832
835, 706, 999
836, 556, 664
837, 92, 152
838, 554, 825
839, 207, 343
840, 245, 903
841, 50, 714
842, 211, 758
843, 208, 222
844, 18, 229
845, 481, 817
846, 672, 695
847, 181, 616
848, 85, 760
849, 320, 615
850, 187, 249
851, 179, 734
852, 11, 203
853, 237, 559
854, 28, 322
855, 131, 843
856, 128, 465
857, 405, 797
858, 349, 452
859, 336, 453
860, 32, 180
861, 285, 711
862, 174, 904
863, 371, 690
864, 70, 112
865, 89, 852
866, 294, 710
867, 426, 765
868, 330, 819
869, 239, 637
870, 22, 659
871, 264, 761
872, 728, 823
873, 863, 898
874, 41, 895
875, 360, 408
876, 600, 868
877, 881, 894
878, 581, 899
879, 216, 474
880, 640, 676
881, 124, 377
882, 546, 665
883, 759, 928
884, 510, 547
885, 504, 648
886, 159, 926
887, 496, 976
888, 47, 73
889, 352, 883
890, 111, 620
891, 411, 447
892, 373, 987
893, 182, 828
894, 109, 629
895, 685, 764
896, 130, 507
897, 419, 601
898, 315, 969
899, 499, 587
900, 255, 959
901, 709, 911
902, 110, 925
903, 568, 919
904, 151, 588
905, 484, 606
906, 475, 789
907, 74, 614
908, 274, 438
909, 64, 821
910, 508, 746
911, 882, 981
912, 6, 118
913, 318, 387
914, 449, 705
915, 170, 256
916, 768, 955
917, 157, 548
918, 79, 824
919, 224, 398
920, 932, 966
921, 260, 580
922, 72, 521
923, 369, 937
924, 15, 992
925, 171, 681
926, 532, 964
927, 40, 88
928, 26, 60
929, 494, 829
930, 385, 483
931, 58, 414
932, 102, 440
933, 281, 885
934, 114, 345
935, 136, 578
936, 195, 890
937, 693, 954
938, 67, 75
939, 506, 592
940, 63, 134
941, 458, 470
942, 448, 598
943, 137, 605
944, 158, 886
945, 864, 931
946, 767, 806
947, 621, 775
948, 288, 418
949, 487, 935
950, 562, 942
951, 135, 197
952, 219, 540
953, 328, 837
954, 632, 845
955, 147, 530
956, 301, 553
957, 558, 822
958, 698, 786
959, 62, 946
960, 536, 682
961, 48, 618
962, 77, 340
963, 2, 647
964, 198, 303
965, 108, 415
966, 39, 657
967, 404, 773
968, 413, 557
969, 96, 162
970, 16, 374
971, 512, 726
972, 730, 876
973, 56, 652
974, 81, 236
975, 149, 944
976, 443, 677
977, 456, 737
978, 35, 202
979, 851, 884
980, 305, 877
981, 205, 684
982, 782, 838
983, 660, 785
984, 319, 522
985, 399, 755
986, 804, 972
987, 683, 748
988, 422, 424
989, 733, 762
990, 246, 753
991, 643, 943
992, 227, 848
993, 44, 271
994, 189, 968
995, 144, 974
996, 451, 551
997, 69, 270
998, 617, 967
999, 263, 812
1000, 190, 803
1001, 119, 732
1002, 48, 87
1003, 422, 487
1004, 230, 498
1005, 448, 549
1006, 53, 533
1007, 754, 804
1008, 607, 768
1009, 131, 349
1010, 385, 622
1011, 91, 662
1012, 299, 834
1013, 266, 330
1014, 185, 336
1015, 200, 585
1016, 508, 565
1017, 86, 997
1018, 491, 752
1019, 254, 312
1020, 125, 723
1021, 130, 788
1022, 237, 444
1023, 251, 949
1024, 650, 677
1025, 228, 913
1026, 509, 725
1027, 826, 990
1028, 680, 689
1029, 281, 996
1030, 55, 859
1031, 745, 888
1032, 19, 58
1033, 114, 399
1034, 287, 972
1035, 167, 331
1036, 188, 792
1037, 366, 546
1038, 17, 694
1039, 62, 991
1040, 154, 398
1041, 427, 907
1042, 513, 648
1043, 807, 831
1044, 249, 946
1045, 214, 578
1046, 224, 458
1047, 244, 925
1048, 485, 609
1049, 289, 551
1050, 719, 843
1051, 139, 455
1052, 124, 678
1053, 580, 873
1054, 26, 480
1055, 220, 428
1056, 528, 579
1057, 591, 993
1058, 481, 961
1059, 223, 632
1060, 262, 425
1061, 374, 828
1062, 115, 242
1063, 144, 548
1064, 679, 865
1065, 354, 587
1066, 418, 634
1067, 9, 205
1068, 110, 939
1069, 370, 748
1070, 240, 515
1071, 256, 697
1072, 473, 985
1073, 346, 493
1074, 186, 517
1075, 419, 652
1076, 322, 631
1077, 71, 962
1078, 77, 311
1079, 248, 879
1080, 323, 575
1081, 291, 895
1082, 54, 524
1083, 34, 137
1084, 92, 646
1085, 117, 405
1086, 20, 416
1087, 267, 589
1088, 149, 439
1089, 691, 817
1090, 270, 915
1091, 245, 710
1092, 625, 945
1093, 340, 476
1094, 100, 874
1095, 60, 306
1096, 44, 683
1097, 158, 883
1098, 602, 759
1099, 27, 496
1100, 507, 876
1101, 734, 755
1102, 461, 614
1103, 168, 766
1104, 466, 514
1105, 161, 922
1106, 63, 193
1107, 342, 824
1108, 396, 974
1109, 204, 994
1110, 239, 791
1111, 22, 641
1112, 672, 885
1113, 136, 365
1114, 206, 637
1115, 728, 860
1116, 304, 701
1117, 199, 708
1118, 373, 739
1119, 518, 871
1120, 388, 394
1121, 35, 861
1122, 347, 611
1123, 726, 966
1124, 685, 992
1125, 116, 310
1126, 260, 532
1127, 562, 729
1128, 175, 899
1129, 46, 800
1130, 226, 492
1131, 628, 657
1132, 397, 935
1133, 134, 383
1134, 98, 890
1135, 695, 809
1136, 730, 988
1137, 172, 746
1138, 127, 362
1139, 232, 265
1140, 189, 194
1141, 557, 844
1142, 276, 392
1143, 257, 818
1144, 272, 421
1145, 40, 825
1146, 99, 203
1147, 179, 606
1148, 823, 973
1149, 618, 810
1150, 520, 934
1151, 350, 889
1152, 109, 904
1153, 108, 627
1154, 586, 892
1155, 526, 558
1156, 171, 862
1157, 412, 722
1158, 391, 749
1159, 335, 977
1160, 348, 372
1161, 195, 926
1162, 271, 338
1163, 417, 604
1164, 252, 776
1165, 841, 852
1166, 407, 857
1167, 235, 793
1168, 914, 963
1169, 477, 982
1170, 264, 360
1171, 375, 545
1172, 653, 801
1173, 460, 521
1174, 32, 371
1175, 268, 505
1176, 164, 596
1177, 542, 780
1178, 453, 721
1179, 174, 681
1180, 797, 957
1181, 847, 858
1182, 216, 918
1183, 2, 667
1184, 112, 166
1185, 919, 948
1186, 102, 782
1187, 66, 81
1188, 757, 802
1189, 503, 674
1190, 845, 981
1191, 582, 588
1192, 846, 943
1193, 617, 976
1194, 21, 275
1195, 850, 896
1196, 192, 483
1197, 5, 294
1198, 357, 387
1199, 16, 608
1200, 145, 361
1201, 222, 234
1202, 13, 494
1203, 368, 937
1204, 246, 999
1205, 740, 910
1206, 441, 459
1207, 445, 457
1208, 33, 356
1209, 574, 769
1210, 163, 180
1211, 838, 947
1212, 247, 560
1213, 231, 554
1214, 753, 912
1215, 308, 313
1216, 570, 649
1217, 488, 954
1218, 474, 615
1219, 382, 864
1220, 597, 777
1221, 664, 940
1222, 592, 731
1223, 72, 128
1224, 400, 661
1225, 243, 437
1226, 24, 295
1227, 7, 659
1228, 177, 645
1229, 123, 451
1230, 733, 894
1231, 103, 979
1232, 297, 778
1233, 280, 540
1234, 610, 644
1235, 56, 805
1236, 332, 735
1237, 253, 300
1238, 88, 995
1239, 328, 909
1240, 700, 835
1241, 49, 120
1242, 390, 965
1243, 334, 917
1244, 1, 282
1245, 364, 690
1246, 951, 969
1247, 94, 855
1248, 452, 970
1249, 269, 636
1250, 39, 878
1251, 182, 292
1252, 169, 936
1253, 478, 938
1254, 808, 881
1255, 41, 692
1256, 8, 902
1257, 150, 525
1258, 202, 856
1259, 584, 930
1260, 143, 967
1261, 285, 537
1262, 413, 553
1263, 6, 952
1264, 870, 887
1265, 274, 884
1266, 57, 598
1267, 566, 983
1268, 318, 482
1269, 96, 923
1270, 173, 830
1271, 76, 463
1272, 104, 886
1273, 344, 510
1274, 352, 911
1275, 84, 471
1276, 712, 820
1277, 155, 848
1278, 4, 263
1279, 303, 670
1280, 147, 880
1281, 581, 863
1282, 432, 531
1283, 10, 468
1284, 640, 812
1285, 89, 564
1286, 423, 595
1287, 351, 519
1288, 345, 703
1289, 217, 693
1290, 241, 376
1291, 215, 699
1292, 315, 658
1293, 771, 794
1294, 61, 411
1295, 358, 854
1296, 107, 278
1297, 839, 960
1298, 183, 897
1299, 623, 624
1300, 52, 255
1301, 277, 781
1302, 760, 903
1303, 301, 359
1304, 714, 814
1305, 18, 443
1306, 284, 449
1307, 538, 717
1308, 495, 620
1309, 142, 643
1310, 756, 784
1311, 339, 968
1312, 78, 238
1313, 647, 891
1314, 106, 512
1315, 209, 833
1316, 654, 971
1317, 82, 539
1318, 165, 676
1319, 599, 761
1320, 438, 821
1321, 556, 561
1322, 316, 980
1323, 563, 774
1324, 198, 600
1325, 95, 227
1326, 30, 932
1327, 197, 415
1328, 420, 933
1329, 573, 707
1330, 435, 767
1331, 353, 942
1332, 381, 489
1333, 851, 955
1334, 409, 454
1335, 298, 378
1336, 436, 989
1337, 446, 705
1338, 663, 1000
1339, 629, 715
1340, 343, 424
1341, 501, 684
1342, 31, 737
1343, 259, 775
1344, 140, 660
1345, 502, 950
1346, 341, 893
1347, 90, 986
1348, 497, 535
1349, 152, 815
1350, 326, 702
1351, 656, 941
1352, 440, 744
1353, 201, 901
1354, 68, 190
1355, 67, 410
1356, 456, 590
1357, 475, 827
1358, 384, 594
1359, 118, 321
1360, 148, 877
1361, 181, 210
1362, 23, 796
1363, 37, 404
1364, 122, 763
1365, 25, 386
1366, 42, 927
1367, 126, 601
1368, 135, 389
1369, 288, 806
1370, 522, 541
1371, 506, 742
1372, 307, 605
1373, 218, 572
1374, 279, 499
1375, 146, 716
1376, 290, 527
1377, 293, 924
1378, 36, 787
1379, 511, 751
1380, 59, 633
1381, 160, 319
1382, 75, 138
1383, 83, 696
1384, 450, 931
1385, 380, 803
1386, 79, 905
1387, 630, 795
1388, 296, 669
1389, 233, 762
1390, 159, 170
1391, 559, 853
1392, 333, 433
1393, 184, 840
1394, 711, 837
1395, 208, 569
1396, 462, 568
1397, 65, 402
1398, 14, 523
1399, 668, 750
1400, 395, 743
1401, 93, 706
1402, 317, 367
1403, 105, 772
1404, 567, 816
1405, 43, 552
1406, 151, 211
1407, 156, 779
1408, 619, 998
1409, 258, 651
1410, 920, 921
1411, 225, 408
1412, 64, 73
1413, 447, 987
1414, 314, 429
1415, 616, 959
1416, 129, 765
1417, 250, 403
1418, 577, 790
1419, 191, 324
1420, 187, 720
1421, 121, 576
1422, 401, 829
1423, 325, 875
1424, 97, 543
1425, 355, 671
1426, 379, 811
1427, 101, 906
1428, 430, 713
1429, 236, 872
1430, 302, 736
1431, 3, 529
1432, 882, 984
1433, 85, 964
1434, 544, 626
1435, 162, 377
1436, 536, 642
1437, 38, 286
1438, 747, 773
1439, 469, 822
1440, 11, 74
1441, 15, 666
1442, 207, 369
1443, 45, 953
1444, 28, 550
1445, 111, 798
1446, 212, 431
1447, 133, 504
1448, 221, 687
1449, 12, 819
1450, 490, 799
1451, 442, 470
1452, 305, 900
1453, 219, 593
1454, 484, 866
1455, 472, 571
1456, 178, 426
1457, 467, 516
1458, 29, 176
1459, 50, 813
1460, 141, 686
1461, 229, 434
1462, 832, 928
1463, 464, 908
1464, 486, 688
1465, 698, 836
1466, 613, 764
1467, 718, 758
1468, 406, 916
1469, 530, 868
1470, 603, 655
1471, 785, 869
1472, 337, 958
1473, 80, 867
1474, 639, 673
1475, 132, 555
1476, 320, 635
1477, 113, 621
1478, 153, 842
1479, 196, 393
1480, 612, 682
1481, 213, 534
1482, 479, 849
1483, 157, 770
1484, 465, 638
1485, 69, 944
1486, 47, 414
1487, 261, 547
1488, 724, 786
1489, 665, 929
1490, 500, 978
1491, 783, 898
1492, 704, 956
1493, 273, 741
1494, 70, 327
1495, 309, 738
1496, 583, 675
1497, 51, 329
1498, 363, 727
1499, 283, 709
1500, 789, 975
1501, 177, 354
1502, 382, 538
1503, 119, 653
1504, 96, 116
1505, 143, 503
1506, 565, 728
1507, 115, 256
1508, 38, 907
1509, 111, 694
1510, 392, 428
1511, 150, 790
1512, 528, 751
1513, 548, 604
1514, 194, 305
1515, 394, 447
1516, 248, 637
1517, 476, 688
1518, 942, 944
1519, 424, 622
1520, 329, 891
1521, 274, 628
1522, 189, 967
1523, 55, 138
1524, 286, 459
1525, 103, 613
1526, 398, 521
1527, 50, 182
1528, 179, 719
1529, 94, 803
1530, 279, 430
1531, 374, 731
1532, 228, 464
1533, 465, 626
1534, 137, 894
1535, 533, 972
1536, 872, 952
1537, 701, 726
1538, 288, 727
1539, 75, 432
1540, 725, 879
1541, 571, 614
1542, 319, 764
1543, 44, 779
1544, 217, 301
1545, 456, 513
1546, 530, 885
1547, 268, 423
1548, 95, 130
1549, 30, 978
1550, 282, 765
1551, 175, 620
1552, 259, 744
1553, 370, 993
1554, 344, 711
1555, 474, 767
1556, 497, 691
1557, 283, 855
1558, 337, 356
1559, 5, 19
1560, 7, 693
1561, 153, 600
1562, 549, 814
1563, 512, 955
1564, 230, 509
1565, 716, 718
1566, 847, 893
1567, 64, 593
1568, 770, 936
1569, 416, 680
1570, 232, 784
1571, 702, 979
1572, 801, 986
1573, 541, 824
1574, 754, 971
1575, 739, 867
1576, 326, 606
1577, 118, 410
1578, 574, 589
1579, 74, 254
1580, 961, 963
1581, 307, 733
1582, 269, 796
1583, 417, 623
1584, 126, 864
1585, 703, 828
1586, 183, 389
1587, 500, 555
1588, 265, 407
1589, 435, 686
1590, 48, 712
1591, 531, 853
1592, 9, 556
1593, 186, 946
1594, 190, 901
1595, 341, 672
1596, 70, 625
1597, 518, 559
1598, 403, 621
1599, 4, 471
1600, 80, 740
1601, 346, 535
1602, 101, 813
1603, 488, 906
1604, 236, 738
1605, 223, 414
1606, 721, 802
1607, 429, 981
1608, 647, 700
1609, 43, 372
1610, 352, 539
1611, 35, 139
1612, 258, 806
1613, 328, 525
1614, 569, 856
1615, 227, 954
1616, 131, 380
1617, 57, 263
1618, 363, 927
1619, 715, 980
1620, 280, 898
1621, 244, 741
1622, 257, 457
1623, 202, 696
1624, 361, 662
1625, 475, 833
1626, 331, 932
1627, 144, 752
1628, 646, 670
1629, 243, 837
1630, 405, 989
1631, 267, 397
1632, 31, 93
1633, 68, 365
1634, 191, 916
1635, 181, 239
1636, 289, 938
1637, 379, 480
1638, 277, 612
1639, 584, 663
1640, 180, 433
1641, 566, 724
1642, 659, 970
1643, 350, 817
1644, 665, 827
1645, 320, 707
1646, 524, 673
1647, 198, 610
1648, 205, 492
1649, 87, 178
1650, 494, 982
1651, 134, 164
1652, 155, 427
1653, 401, 568
1654, 162, 590
1655, 18, 775
1656, 85, 996
1657, 358, 638
1658, 477, 633
1659, 16, 88
1660, 377, 609
1661, 192, 588
1662, 520, 627
1663, 285, 484
1664, 579, 937
1665, 76, 641
1666, 262, 910
1667, 648, 943
1668, 123, 576
1669, 174, 278
1670, 53, 411
1671, 441, 487
1672, 611, 975
1673, 127, 304
1674, 212, 596
1675, 231, 409
1676, 366, 812
1677, 294, 758
1678, 650, 815
1679, 97, 630
1680, 261, 789
1681, 209, 634
1682, 3, 951
1683, 536, 851
1684, 887, 991
1685, 108, 926
1686, 804, 859
1687, 104, 782
1688, 210, 240
1689, 27, 714
1690, 458, 747
1691, 821, 840
1692, 333, 897
1693, 378, 454
1694, 238, 517
1695, 562, 608
1696, 28, 527
1697, 674, 958
1698, 896, 994
1699, 511, 776
1700, 78, 146
1701, 222, 677
1702, 339, 713
1703, 113, 900
1704, 149, 783
1705, 105, 945
1706, 90, 705
1707, 211, 316
1708, 54, 445
1709, 197, 825
1710, 32, 406
1711, 310, 878
1712, 233, 595
1713, 364, 504
1714, 469, 808
1715, 107, 881
1716, 46, 453
1717, 247, 843
1718, 302, 976
1719, 208, 640
1720, 660, 997
1721, 206, 281
1722, 498, 862
1723, 355, 939
1724, 698, 973
1725, 129, 999
1726, 246, 617
1727, 159, 771
1728, 250, 557
1729, 586, 925
1730, 36, 502
1731, 829, 870
1732, 201, 639
1733, 455, 799
1734, 443, 619
1735, 736, 850
1736, 185, 460
1737, 510, 793
1738, 23, 909
1739, 618, 668
1740, 690, 924
1741, 345, 905
1742, 408, 846
1743, 1, 449
1744, 171, 605
1745, 678, 892
1746, 479, 830
1747, 165, 763
1748, 385, 486
1749, 63, 313
1750, 10, 667
1751, 292, 529
1752, 448, 472
1753, 773, 805
1754, 22, 841
1755, 86, 166
1756, 299, 649
1757, 154, 399
1758, 77, 810
1759, 188, 293
1760, 325, 777
1761, 161, 415
1762, 264, 327
1763, 151, 169
1764, 826, 852
1765, 616, 974
1766, 242, 953
1767, 168, 831
1768, 20, 552
1769, 216, 551
1770, 439, 792
1771, 291, 871
1772, 572, 904
1773, 260, 560
1774, 599, 844
1775, 15, 592
1776, 581, 651
1777, 682, 780
1778, 437, 540
1779, 362, 661
1780, 26, 322
1781, 506, 683
1782, 170, 505
1783, 384, 781
1784, 276, 838
1785, 396, 798
1786, 167, 463
1787, 157, 386
1788, 25, 121
1789, 501, 920
1790, 196, 526
1791, 351, 554
1792, 312, 745
1793, 2, 8
1794, 794, 995
1795, 114, 580
1796, 543, 749
1797, 73, 376
1798, 436, 564
1799, 58, 676
1800, 388, 467
1801, 84, 928
1802, 11, 832
1803, 203, 652
1804, 422, 585
1805, 17, 929
1806, 245, 400
1807, 213, 284
1808, 100, 723
1809, 546, 778
1810, 21, 746
1811, 631, 645
1812, 71, 72
1813, 444, 632
1814, 473, 966
1815, 968, 998
1816, 99, 689
1817, 489, 820
1818, 184, 296
1819, 679, 964
1820, 40, 160
1821, 275, 962
1822, 112, 303
1823, 133, 434
1824, 195, 874
1825, 908, 985
1826, 558, 654
1827, 136, 297
1828, 51, 734
1829, 785, 857
1830, 643, 941
1831, 425, 522
1832, 495, 880
1833, 41, 917
1834, 491, 823
1835, 381, 737
1836, 315, 402
1837, 835, 934
1838, 418, 766
1839, 61, 868
1840, 193, 768
1841, 106, 959
1842, 671, 983
1843, 62, 318
1844, 98, 152
1845, 241, 290
1846, 176, 419
1847, 446, 757
1848, 348, 809
1849, 550, 675
1850, 199, 915
1851, 66, 750
1852, 271, 334
1853, 349, 742
1854, 393, 865
1855, 426, 507
1856, 335, 717
1857, 298, 762
1858, 395, 553
1859, 109, 234
1860, 515, 774
1861, 390, 684
1862, 656, 890
1863, 461, 759
1864, 218, 224
1865, 687, 882
1866, 12, 657
1867, 24, 387
1868, 601, 797
1869, 451, 860
1870, 34, 369
1871, 440, 760
1872, 235, 368
1873, 214, 636
1874, 135, 861
1875, 858, 886
1876, 421, 923
1877, 120, 514
1878, 47, 342
1879, 14, 756
1880, 83, 818
1881, 128, 883
1882, 300, 367
1883, 431, 848
1884, 237, 537
1885, 309, 914
1886, 45, 359
1887, 413, 450
1888, 147, 200
1889, 29, 921
1890, 156, 603
1891, 287, 692
1892, 483, 629
1893, 252, 697
1894, 81, 92
1895, 42, 807
1896, 37, 664
1897, 482, 940
1898, 13, 969
1899, 485, 845
1900, 102, 722
1901, 172, 187
1902, 273, 956
1903, 902, 922
1904, 229, 685
1905, 708, 791
1906, 132, 478
1907, 534, 655
1908, 360, 598
1909, 587, 720
1910, 602, 644
1911, 59, 753
1912, 710, 811
1913, 624, 866
1914, 481, 573
1915, 6, 681
1916, 786, 888
1917, 338, 466
1918, 490, 869
1919, 49, 122
1920, 226, 597
1921, 158, 884
1922, 704, 911
1923, 270, 323
1924, 39, 822
1925, 82, 960
1926, 383, 863
1927, 266, 452
1928, 567, 947
1929, 371, 889
1930, 215, 496
1931, 493, 919
1932, 308, 311
1933, 272, 965
1934, 353, 816
1935, 124, 295
1936, 470, 591
1937, 729, 948
1938, 563, 769
1939, 519, 582
1940, 91, 990
1941, 499, 542
1942, 819, 949
1943, 462, 933
1944, 321, 787
1945, 420, 748
1946, 438, 577
1947, 330, 332
1948, 140, 992
1949, 412, 583
1950, 65, 204
1951, 253, 899
1952, 404, 706
1953, 220, 950
1954, 67, 516
1955, 532, 984
1956, 508, 615
1957, 110, 795
1958, 148, 317
1959, 145, 255
1960, 117, 876
1961, 666, 988
1962, 249, 1000
1963, 251, 547
1964, 33, 903
1965, 207, 854
1966, 709, 913
1967, 570, 755
1968, 836, 849
1969, 523, 743
1970, 357, 788
1971, 142, 635
1972, 324, 347
1973, 343, 977
1974, 221, 594
1975, 306, 772
1976, 391, 957
1977, 578, 735
1978, 141, 442
1979, 56, 60
1980, 658, 695
1981, 163, 225
1982, 575, 699
1983, 89, 875
1984, 340, 373
1985, 468, 669
1986, 69, 935
1987, 173, 314
1988, 375, 642
1989, 336, 730
1990, 607, 873
1991, 544, 545
1992, 52, 125
1993, 561, 895
1994, 79, 918
1995, 834, 877
1996, 930, 987
1997, 839, 931
1998, 842, 912
1999, 219, 732
2000, 761, 800
