id, img1, img2
1, 401, 447
2, 271, 639
3, 385, 412
4, 57, 472
5, 11, 711
6, 2, 678
7, 327, 638
8, 716, 721
9, 19, 358
10, 93, 482
11, 457, 684
12, 834, 917
13, 216, 858
14, 243, 311
15, 210, 980
16, 378, 504
17, 888, 942
18, 338, 392
19, 572, 893
20, 191, 197
21, 391, 842
22, 3, 822
23, 55, 738
24, 606, 988
25, 90, 702
26, 31, 977
27, 715, 813
28, 119, 355
29, 54, 138
30, 488, 998
31, 8, 428
32, 272, 528
33, 315, 911
34, 232, 986
35, 202, 533
36, 190, 582
37, 219, 568
38, 503, 852
39, 196, 397
40, 520, 915
41, 162, 432
42, 143, 331
43, 526, 757
44, 187, 685
45, 95, 319
46, 145, 686
47, 741, 836
48, 562, 964
49, 724, 947
50, 411, 913
51, 581, 634
52, 22, 212
53, 126, 752
54, 246, 885
55, 561, 694
56, 139, 653
57, 386, 620
58, 80, 408
59, 125, 892
60, 498, 717
61, 221, 518
62, 920, 948
63, 544, 863
64, 884, 886
65, 435, 577
66, 675, 887
67, 117, 800
68, 442, 617
69, 337, 1000
70, 142, 618
71, 155, 396
72, 623, 763
73, 179, 347
74, 376, 452
75, 320, 390
76, 635, 974
77, 166, 496
78, 454, 704
79, 336, 973
80, 266, 282
81, 67, 940
82, 157, 663
83, 260, 814
84, 92, 165
85, 53, 110
86, 450, 981
87, 134, 668
88, 418, 883
89, 71, 265
90, 456, 810
91, 736, 870
92, 484, 815
93, 122, 314
94, 733, 829
95, 235, 394
96, 192, 610
97, 531, 897
98, 35, 262
99, 277, 330
100, 799, 809
101, 326, 511
102, 356, 767
103, 128, 718
104, 552, 761
105, 575, 862
106, 735, 954
107, 159, 758
108, 512, 760
109, 399, 602
110, 299, 971
111, 728, 890
112, 690, 830
113, 176, 661
114, 201, 619
115, 584, 729
116, 708, 817
117, 14, 439
118, 656, 706
119, 600, 796
120, 541, 622
121, 764, 821
122, 459, 837
123, 325, 613
124, 9, 106
125, 130, 144
126, 185, 424
127, 244, 614
128, 74, 238
129, 113, 985
130, 198, 329
131, 12, 959
132, 847, 874
133, 47, 288
134, 180, 832
135, 241, 806
136, 410, 745
137, 279, 955
138, 269, 489
139, 148, 296
140, 274, 772
141, 467, 569
142, 99, 373
143, 293, 524
144, 466, 660
145, 286, 696
146, 206, 826
147, 18, 919
148, 153, 291
149, 85, 726
150, 146, 333
151, 247, 571
152, 709, 843
153, 96, 950
154, 871, 945
155, 147, 406
156, 797, 978
157, 585, 599
158, 414, 603
159, 778, 925
160, 7, 494
161, 169, 607
162, 559, 642
163, 39, 970
164, 64, 505
165, 379, 773
166, 43, 345
167, 245, 285
168, 75, 499
169, 321, 866
170, 156, 679
171, 588, 624
172, 403, 801
173, 671, 877
174, 654, 670
175, 564, 644
176, 580, 907
177, 632, 789
178, 215, 495
179, 437, 976
180, 523, 567
181, 530, 775
182, 534, 785
183, 137, 615
184, 349, 404
185, 553, 987
186, 340, 881
187, 16, 872
188, 270, 589
189, 109, 224
190, 427, 444
191, 181, 543
192, 59, 253
193, 766, 804
194, 631, 878
195, 322, 417
196, 284, 828
197, 61, 542
198, 242, 475
199, 227, 730
200, 841, 949
201, 264, 854
202, 771, 995
203, 302, 727
204, 539, 811
205, 141, 193
206, 112, 150
207, 27, 30
208, 547, 958
209, 335, 353
210, 697, 751
211, 381, 743
212, 237, 643
213, 83, 677
214, 151, 923
215, 234, 646
216, 178, 956
217, 474, 695
218, 149, 290
219, 189, 259
220, 5, 657
221, 516, 747
222, 239, 962
223, 304, 749
224, 173, 780
225, 478, 933
226, 354, 992
227, 38, 506
228, 426, 703
229, 101, 902
230, 787, 833
231, 289, 586
232, 422, 794
233, 592, 961
234, 415, 550
235, 382, 573
236, 254, 268
237, 389, 500
238, 438, 651
239, 808, 824
240, 228, 263
241, 490, 560
242, 104, 637
243, 60, 303
244, 23, 650
245, 152, 989
246, 118, 595
247, 81, 105
248, 513, 546
249, 471, 908
250, 341, 666
251, 295, 308
252, 669, 993
253, 6, 914
254, 680, 781
255, 108, 798
256, 111, 213
257, 748, 827
258, 63, 129
259, 28, 34
260, 10, 250
261, 98, 930
262, 97, 579
263, 421, 540
264, 591, 972
265, 87, 501
266, 867, 901
267, 312, 578
268, 440, 681
269, 4, 195
270, 363, 596
271, 377, 713
272, 252, 473
273, 370, 916
274, 483, 793
275, 275, 433
276, 554, 859
277, 257, 480
278, 497, 840
279, 127, 894
280, 17, 900
281, 217, 707
282, 211, 280
283, 371, 762
284, 324, 975
285, 458, 682
286, 746, 891
287, 164, 549
288, 880, 895
289, 225, 744
290, 236, 982
291, 818, 952
292, 283, 979
293, 186, 521
294, 734, 812
295, 479, 777
296, 32, 423
297, 91, 853
298, 316, 928
299, 339, 779
300, 318, 732
301, 124, 739
302, 136, 838
303, 912, 944
304, 292, 529
305, 230, 565
306, 441, 983
307, 72, 742
308, 430, 476
309, 251, 710
310, 420, 795
311, 348, 967
312, 158, 359
313, 621, 792
314, 231, 616
315, 68, 491
316, 305, 451
317, 805, 899
318, 419, 905
319, 558, 768
320, 594, 693
321, 313, 819
322, 226, 896
323, 116, 306
324, 256, 873
325, 409, 445
326, 465, 587
327, 636, 786
328, 464, 538
329, 89, 429
330, 298, 849
331, 425, 922
332, 223, 910
333, 133, 583
334, 659, 756
335, 175, 448
336, 278, 502
337, 517, 674
338, 1, 969
339, 446, 845
340, 36, 207
341, 209, 984
342, 309, 334
343, 323, 770
344, 937, 939
345, 509, 869
346, 367, 556
347, 248, 375
348, 525, 860
349, 45, 387
350, 300, 368
351, 434, 882
352, 455, 906
353, 25, 968
354, 393, 605
355, 52, 676
356, 172, 629
357, 229, 740
358, 545, 851
359, 131, 941
360, 184, 951
361, 49, 848
362, 460, 720
363, 416, 537
364, 50, 249
365, 443, 453
366, 698, 759
367, 407, 994
368, 140, 628
369, 88, 94
370, 103, 388
371, 281, 966
372, 463, 699
373, 366, 469
374, 37, 342
375, 205, 904
376, 26, 204
377, 532, 927
378, 510, 943
379, 384, 700
380, 673, 868
381, 791, 953
382, 352, 776
383, 42, 719
384, 737, 879
385, 161, 903
386, 65, 655
387, 362, 522
388, 831, 921
389, 816, 960
390, 168, 218
391, 689, 856
392, 33, 372
393, 364, 645
394, 273, 608
395, 536, 754
396, 350, 672
397, 611, 648
398, 102, 436
399, 51, 294
400, 784, 938
401, 76, 255
402, 203, 705
403, 44, 997
404, 357, 493
405, 548, 576
406, 107, 597
407, 160, 287
408, 383, 667
409, 365, 380
410, 240, 712
411, 515, 839
412, 177, 664
413, 100, 328
414, 640, 803
415, 753, 875
416, 633, 665
417, 431, 850
418, 625, 825
419, 551, 714
420, 722, 996
421, 485, 723
422, 369, 470
423, 48, 307
424, 261, 769
425, 171, 405
426, 570, 755
427, 24, 626
428, 199, 641
429, 374, 802
430, 70, 332
431, 527, 844
432, 214, 557
433, 233, 876
434, 66, 750
435, 188, 461
436, 167, 267
437, 590, 593
438, 462, 765
439, 132, 683
440, 627, 926
441, 84, 820
442, 598, 846
443, 114, 208
444, 174, 400
445, 468, 487
446, 360, 965
447, 855, 957
448, 889, 918
449, 535, 701
450, 20, 647
451, 200, 936
452, 135, 990
453, 46, 115
454, 258, 963
455, 29, 170
456, 15, 788
457, 121, 477
458, 40, 555
459, 662, 932
460, 630, 790
461, 154, 604
462, 652, 935
463, 692, 924
464, 574, 609
465, 514, 857
466, 62, 898
467, 402, 486
468, 82, 934
469, 69, 492
470, 317, 946
471, 301, 612
472, 519, 563
473, 649, 782
474, 120, 449
475, 601, 774
476, 297, 566
477, 58, 310
478, 222, 688
479, 346, 395
480, 351, 658
481, 508, 999
482, 77, 823
483, 687, 864
484, 13, 163
485, 398, 691
486, 344, 991
487, 183, 861
488, 56, 929
489, 361, 507
490, 21, 86
491, 835, 865
492, 41, 220
493, 276, 909
494, 194, 783
495, 123, 807
496, 78, 413
497, 73, 731
498, 725, 931
499, 182, 481
500, 79, 343
501, 252, 980
502, 219, 268
503, 448, 954
504, 687, 805
505, 206, 463
506, 13, 198
507, 88, 196
508, 622, 752
509, 290, 537
510, 113, 154
511, 906, 938
512, 292, 395
513, 641, 724
514, 123, 569
515, 560, 617
516, 306, 778
517, 365, 391
518, 699, 873
519, 558, 856
520, 326, 619
521, 604, 840
522, 245, 843
523, 762, 897
524, 74, 770
525, 413, 868
526, 158, 665
527, 101, 628
528, 546, 720
529, 668, 779
530, 740, 957
531, 374, 859
532, 440, 992
533, 129, 820
534, 221, 893
535, 197, 908
536, 323, 384
537, 493, 759
538, 262, 535
539, 579, 864
540, 67, 168
541, 172, 360
542, 705, 751
543, 301, 825
544, 218, 482
545, 210, 559
546, 242, 310
547, 272, 550
548, 270, 447
549, 565, 580
550, 382, 677
551, 783, 848
552, 208, 523
553, 345, 350
554, 339, 794
555, 700, 738
556, 46, 630
557, 136, 554
558, 568, 937
559, 402, 849
560, 297, 959
561, 190, 969
562, 408, 691
563, 118, 247
564, 131, 333
565, 681, 824
566, 449, 945
567, 165, 484
568, 41, 583
569, 541, 696
570, 142, 467
571, 78, 280
572, 110, 590
573, 397, 963
574, 424, 481
575, 613, 642
576, 72, 194
577, 95, 216
578, 364, 771
579, 577, 648
580, 192, 203
581, 232, 845
582, 231, 831
583, 357, 589
584, 431, 695
585, 419, 750
586, 71, 193
587, 49, 930
588, 269, 660
589, 488, 621
590, 420, 903
591, 643, 731
592, 85, 483
593, 634, 841
594, 756, 858
595, 106, 599
596, 368, 528
597, 127, 508
598, 373, 987
599, 667, 718
600, 112, 140
601, 409, 988
602, 458, 478
603, 387, 680
604, 563, 911
605, 261, 423
606, 177, 403
607, 267, 470
608, 214, 972
609, 809, 966
610, 611, 745
611, 456, 594
612, 708, 736
613, 169, 331
614, 256, 706
615, 260, 977
616, 83, 760
617, 517, 950
618, 311, 861
619, 299, 496
620, 65, 251
621, 545, 926
622, 84, 775
623, 542, 697
624, 34, 43
625, 715, 952
626, 92, 404
627, 359, 451
628, 300, 407
629, 567, 834
630, 337, 485
631, 871, 892
632, 152, 826
633, 21, 802
634, 189, 931
635, 5, 781
636, 491, 636
637, 147, 191
638, 102, 114
639, 530, 943
640, 767, 901
641, 122, 534
642, 212, 670
643, 228, 494
644, 353, 433
645, 814, 960
646, 358, 487
647, 758, 878
648, 63, 962
649, 9, 445
650, 107, 821
651, 524, 985
652, 133, 459
653, 717, 949
654, 325, 828
655, 609, 862
656, 187, 229
657, 233, 629
658, 124, 250
659, 573, 913
660, 351, 607
661, 37, 275
662, 139, 148
663, 314, 857
664, 227, 258
665, 57, 284
666, 376, 678
667, 273, 548
668, 635, 822
669, 462, 768
670, 171, 879
671, 28, 309
672, 185, 986
673, 399, 519
674, 298, 588
675, 62, 287
676, 932, 995
677, 64, 698
678, 215, 816
679, 378, 874
680, 317, 383
681, 77, 264
682, 516, 664
683, 428, 595
684, 675, 692
685, 348, 578
686, 396, 652
687, 432, 466
688, 623, 942
689, 153, 870
690, 199, 799
691, 128, 735
692, 120, 574
693, 808, 818
694, 620, 914
695, 707, 970
696, 8, 316
697, 149, 479
698, 709, 974
699, 612, 983
700, 230, 918
701, 556, 721
702, 236, 797
703, 39, 156
704, 53, 338
705, 30, 469
706, 553, 640
707, 66, 813
708, 506, 702
709, 56, 354
710, 182, 188
711, 319, 766
712, 18, 291
713, 450, 979
714, 246, 637
715, 12, 465
716, 76, 98
717, 342, 430
718, 727, 886
719, 803, 964
720, 453, 529
721, 572, 842
722, 200, 502
723, 801, 925
724, 6, 282
725, 259, 725
726, 334, 631
727, 624, 944
728, 829, 885
729, 322, 644
730, 490, 561
731, 243, 839
732, 426, 982
733, 411, 518
734, 302, 596
735, 162, 592
736, 645, 855
737, 186, 410
738, 792, 984
739, 755, 924
740, 436, 656
741, 657, 996
742, 97, 639
743, 318, 703
744, 486, 860
745, 23, 812
746, 313, 894
747, 108, 891
748, 47, 747
749, 393, 416
750, 195, 441
751, 615, 723
752, 443, 625
753, 32, 294
754, 729, 899
755, 170, 928
756, 791, 915
757, 17, 961
758, 662, 973
759, 99, 141
760, 159, 601
761, 24, 94
762, 748, 909
763, 549, 551
764, 544, 603
765, 263, 883
766, 283, 916
767, 734, 865
768, 58, 278
769, 464, 618
770, 183, 222
771, 174, 674
772, 54, 600
773, 176, 726
774, 201, 638
775, 308, 847
776, 143, 370
777, 175, 754
778, 497, 503
779, 324, 505
780, 223, 591
781, 475, 722
782, 434, 539
783, 59, 777
784, 694, 774
785, 327, 686
786, 104, 536
787, 442, 997
788, 538, 941
789, 438, 587
790, 91, 790
791, 19, 888
792, 312, 989
793, 557, 606
794, 716, 728
795, 14, 663
796, 103, 474
797, 163, 832
798, 35, 810
799, 379, 929
800, 115, 807
801, 151, 786
802, 495, 646
803, 52, 772
804, 157, 336
805, 835, 978
806, 349, 616
807, 26, 852
808, 471, 512
809, 20, 480
810, 51, 293
811, 220, 761
812, 125, 710
813, 240, 765
814, 344, 492
815, 100, 701
816, 401, 472
817, 455, 955
818, 1, 764
819, 346, 773
820, 381, 476
821, 90, 303
822, 714, 917
823, 45, 146
824, 307, 570
825, 935, 953
826, 608, 655
827, 335, 981
828, 633, 827
829, 61, 366
830, 257, 672
831, 82, 688
832, 511, 598
833, 121, 343
834, 390, 863
835, 367, 732
836, 576, 875
837, 851, 975
838, 658, 683
839, 70, 417
840, 279, 867
841, 585, 733
842, 213, 704
843, 793, 947
844, 412, 540
845, 237, 361
846, 3, 15
847, 4, 586
848, 73, 315
849, 105, 286
850, 830, 882
851, 93, 248
852, 33, 940
853, 164, 676
854, 40, 266
855, 244, 330
856, 789, 795
857, 161, 209
858, 427, 872
859, 388, 785
860, 405, 575
861, 422, 922
862, 36, 132
863, 271, 711
864, 905, 998
865, 532, 876
866, 79, 489
867, 160, 907
868, 602, 948
869, 179, 632
870, 804, 850
871, 406, 533
872, 116, 946
873, 392, 527
874, 277, 798
875, 526, 593
876, 87, 205
877, 255, 927
878, 605, 900
879, 571, 836
880, 673, 936
881, 225, 328
882, 584, 919
883, 7, 933
884, 16, 295
885, 217, 520
886, 372, 468
887, 375, 626
888, 167, 452
889, 181, 296
890, 202, 671
891, 679, 742
892, 180, 543
893, 653, 869
894, 788, 854
895, 276, 895
896, 274, 730
897, 207, 787
898, 394, 509
899, 29, 769
900, 81, 967
901, 238, 956
902, 204, 737
903, 380, 896
904, 10, 305
905, 320, 581
906, 145, 910
907, 514, 690
908, 60, 389
909, 44, 429
910, 746, 817
911, 155, 749
912, 22, 386
913, 226, 685
914, 50, 521
915, 150, 811
916, 500, 815
917, 265, 806
918, 435, 971
919, 86, 473
920, 135, 564
921, 281, 902
922, 547, 651
923, 38, 332
924, 341, 712
925, 68, 823
926, 649, 923
927, 356, 881
928, 285, 610
929, 684, 819
930, 48, 531
931, 184, 743
932, 477, 776
933, 119, 994
934, 75, 425
935, 253, 582
936, 597, 682
937, 55, 693
938, 499, 525
939, 884, 890
940, 444, 958
941, 137, 866
942, 400, 763
943, 241, 647
944, 321, 461
945, 27, 920
946, 288, 369
947, 111, 744
948, 254, 904
949, 362, 993
950, 235, 363
951, 689, 837
952, 96, 968
953, 921, 976
954, 144, 437
955, 371, 415
956, 80, 289
957, 457, 833
958, 2, 654
959, 42, 329
960, 166, 669
961, 126, 138
962, 421, 880
963, 838, 934
964, 719, 753
965, 377, 887
966, 11, 418
967, 352, 939
968, 249, 439
969, 239, 340
970, 515, 780
971, 510, 889
972, 173, 659
973, 501, 522
974, 69, 178
975, 741, 951
976, 224, 650
977, 109, 117
978, 355, 796
979, 134, 513
980, 398, 713
981, 130, 877
982, 757, 1000
983, 614, 965
984, 504, 844
985, 562, 898
986, 661, 990
987, 347, 552
988, 234, 385
989, 25, 211
990, 627, 912
991, 446, 800
992, 782, 999
993, 739, 853
994, 31, 991
995, 304, 460
996, 507, 555
997, 89, 566
998, 454, 498
999, 784, 846
1000, 414, 666
1001, 1, 943
1002, 289, 776
1003, 513, 992
1004, 252, 911
1005, 687, 733
1006, 691, 816
1007, 133, 697
1008, 656, 755
1009, 120, 161
1010, 61, 416
1011, 530, 622
1012, 115, 292
1013, 31, 892
1014, 221, 887
1015, 963, 985
1016, 219, 611
1017, 351, 952
1018, 190, 868
1019, 17, 185
1020, 564, 793
1021, 242, 293
1022, 946, 981
1023, 515, 752
1024, 93, 487
1025, 40, 720
1026, 434, 899
1027, 962, 968
1028, 529, 994
1029, 613, 953
1030, 23, 937
1031, 107, 212
1032, 37, 934
1033, 777, 783
1034, 400, 718
1035, 649, 701
1036, 409, 920
1037, 325, 369
1038, 28, 104
1039, 427, 789
1040, 159, 304
1041, 775, 919
1042, 596, 677
1043, 461, 486
1044, 474, 803
1045, 2, 205
1046, 837, 958
1047, 322, 698
1048, 241, 512
1049, 479, 965
1050, 420, 897
1051, 45, 955
1052, 253, 367
1053, 550, 616
1054, 236, 634
1055, 338, 645
1056, 24, 671
1057, 171, 443
1058, 339, 620
1059, 397, 631
1060, 228, 234
1061, 364, 524
1062, 249, 363
1063, 686, 745
1064, 189, 232
1065, 312, 751
1066, 286, 812
1067, 368, 414
1068, 508, 582
1069, 428, 772
1070, 146, 979
1071, 924, 928
1072, 647, 749
1073, 126, 725
1074, 424, 877
1075, 320, 942
1076, 204, 298
1077, 313, 555
1078, 132, 598
1079, 765, 814
1080, 224, 413
1081, 283, 543
1082, 143, 365
1083, 644, 900
1084, 323, 997
1085, 181, 832
1086, 840, 926
1087, 404, 464
1088, 251, 823
1089, 522, 570
1090, 170, 654
1091, 556, 603
1092, 449, 495
1093, 480, 797
1094, 145, 176
1095, 128, 826
1096, 7, 348
1097, 8, 148
1098, 140, 856
1099, 721, 805
1100, 121, 336
1101, 78, 583
1102, 390, 567
1103, 741, 915
1104, 399, 857
1105, 246, 532
1106, 160, 206
1107, 73, 675
1108, 147, 804
1109, 884, 927
1110, 177, 347
1111, 717, 918
1112, 361, 874
1113, 53, 655
1114, 459, 853
1115, 99, 846
1116, 415, 514
1117, 162, 225
1118, 324, 972
1119, 173, 995
1120, 168, 226
1121, 302, 913
1122, 750, 961
1123, 202, 650
1124, 19, 873
1125, 144, 301
1126, 588, 699
1127, 669, 678
1128, 100, 595
1129, 10, 737
1130, 29, 356
1131, 46, 230
1132, 439, 499
1133, 318, 554
1134, 640, 682
1135, 297, 357
1136, 48, 98
1137, 580, 817
1138, 349, 537
1139, 227, 970
1140, 453, 864
1141, 599, 618
1142, 466, 767
1143, 639, 763
1144, 235, 337
1145, 131, 957
1146, 417, 519
1147, 391, 756
1148, 468, 576
1149, 307, 392
1150, 44, 262
1151, 9, 346
1152, 795, 922
1153, 158, 824
1154, 112, 969
1155, 683, 941
1156, 111, 182
1157, 317, 475
1158, 608, 936
1159, 335, 798
1160, 395, 740
1161, 36, 172
1162, 62, 693
1163, 933, 960
1164, 380, 538
1165, 193, 982
1166, 164, 552
1167, 358, 447
1168, 296, 492
1169, 217, 921
1170, 566, 875
1171, 243, 978
1172, 273, 935
1173, 558, 744
1174, 130, 196
1175, 197, 778
1176, 186, 548
1177, 231, 491
1178, 268, 878
1179, 388, 562
1180, 482, 528
1181, 605, 627
1182, 700, 931
1183, 118, 549
1184, 509, 702
1185, 666, 705
1186, 114, 259
1187, 723, 980
1188, 220, 353
1189, 233, 898
1190, 880, 956
1191, 770, 910
1192, 194, 377
1193, 398, 462
1194, 66, 993
1195, 657, 896
1196, 551, 858
1197, 600, 722
1198, 465, 971
1199, 57, 330
1200, 284, 802
1201, 326, 727
1202, 688, 747
1203, 65, 703
1204, 106, 540
1205, 501, 771
1206, 429, 836
1207, 563, 845
1208, 366, 998
1209, 18, 477
1210, 311, 761
1211, 237, 624
1212, 175, 784
1213, 12, 633
1214, 561, 662
1215, 14, 88
1216, 43, 450
1217, 714, 950
1218, 203, 779
1219, 5, 507
1220, 374, 418
1221, 218, 484
1222, 290, 748
1223, 726, 760
1224, 498, 667
1225, 521, 568
1226, 719, 923
1227, 108, 460
1228, 510, 869
1229, 50, 547
1230, 244, 736
1231, 15, 39
1232, 615, 806
1233, 109, 272
1234, 949, 977
1235, 127, 606
1236, 96, 500
1237, 288, 673
1238, 796, 835
1239, 97, 410
1240, 578, 782
1241, 681, 808
1242, 710, 746
1243, 340, 401
1244, 597, 754
1245, 198, 758
1246, 299, 559
1247, 77, 79
1248, 179, 672
1249, 601, 787
1250, 850, 890
1251, 859, 914
1252, 200, 446
1253, 89, 344
1254, 137, 451
1255, 818, 917
1256, 117, 240
1257, 32, 422
1258, 123, 670
1259, 315, 375
1260, 91, 593
1261, 305, 932
1262, 76, 192
1263, 263, 282
1264, 199, 902
1265, 394, 485
1266, 30, 271
1267, 438, 893
1268, 637, 944
1269, 280, 481
1270, 22, 679
1271, 103, 178
1272, 188, 275
1273, 94, 260
1274, 4, 865
1275, 11, 728
1276, 574, 581
1277, 629, 852
1278, 210, 820
1279, 407, 742
1280, 591, 695
1281, 214, 569
1282, 167, 303
1283, 729, 976
1284, 436, 788
1285, 67, 848
1286, 602, 904
1287, 641, 663
1288, 90, 496
1289, 707, 983
1290, 154, 807
1291, 41, 676
1292, 122, 781
1293, 895, 907
1294, 16, 238
1295, 786, 959
1296, 300, 502
1297, 85, 497
1298, 636, 734
1299, 504, 715
1300, 310, 571
1301, 124, 195
1302, 3, 974
1303, 431, 828
1304, 201, 376
1305, 269, 560
1306, 360, 619
1307, 709, 938
1308, 674, 986
1309, 153, 838
1310, 60, 584
1311, 630, 862
1312, 621, 967
1313, 387, 870
1314, 83, 457
1315, 403, 518
1316, 87, 609
1317, 590, 830
1318, 209, 883
1319, 70, 735
1320, 71, 827
1321, 306, 467
1322, 437, 831
1323, 138, 440
1324, 490, 585
1325, 442, 881
1326, 341, 643
1327, 34, 493
1328, 69, 617
1329, 27, 833
1330, 33, 689
1331, 488, 966
1332, 638, 811
1333, 575, 589
1334, 378, 525
1335, 156, 863
1336, 791, 799
1337, 68, 105
1338, 541, 815
1339, 454, 659
1340, 381, 445
1341, 110, 594
1342, 389, 542
1343, 419, 665
1344, 254, 810
1345, 757, 871
1346, 155, 166
1347, 207, 628
1348, 327, 648
1349, 473, 996
1350, 152, 610
1351, 95, 945
1352, 572, 939
1353, 452, 847
1354, 888, 947
1355, 215, 408
1356, 716, 860
1357, 211, 694
1358, 712, 867
1359, 72, 478
1360, 35, 328
1361, 587, 652
1362, 321, 333
1363, 264, 448
1364, 92, 505
1365, 257, 692
1366, 151, 711
1367, 295, 841
1368, 759, 905
1369, 373, 825
1370, 134, 813
1371, 42, 790
1372, 116, 614
1373, 329, 646
1374, 102, 635
1375, 426, 565
1376, 276, 706
1377, 139, 384
1378, 851, 954
1379, 739, 844
1380, 38, 886
1381, 101, 406
1382, 430, 839
1383, 255, 690
1384, 350, 526
1385, 245, 250
1386, 174, 612
1387, 56, 319
1388, 371, 653
1389, 553, 906
1390, 165, 229
1391, 469, 819
1392, 352, 809
1393, 680, 984
1394, 47, 75
1395, 149, 184
1396, 258, 281
1397, 607, 885
1398, 308, 651
1399, 523, 535
1400, 455, 731
1401, 279, 332
1402, 216, 801
1403, 239, 435
1404, 129, 696
1405, 49, 894
1406, 987, 990
1407, 316, 800
1408, 432, 861
1409, 285, 441
1410, 383, 866
1411, 769, 876
1412, 141, 843
1413, 724, 1000
1414, 343, 517
1415, 59, 63
1416, 314, 762
1417, 516, 794
1418, 412, 573
1419, 773, 940
1420, 764, 991
1421, 753, 842
1422, 494, 889
1423, 55, 545
1424, 274, 385
1425, 294, 331
1426, 20, 792
1427, 354, 879
1428, 544, 546
1429, 287, 342
1430, 74, 821
1431, 256, 623
1432, 421, 732
1433, 386, 433
1434, 191, 261
1435, 780, 951
1436, 539, 829
1437, 463, 534
1438, 660, 909
1439, 208, 930
1440, 223, 248
1441, 355, 668
1442, 393, 774
1443, 309, 738
1444, 642, 854
1445, 125, 334
1446, 54, 247
1447, 163, 684
1448, 402, 533
1449, 278, 855
1450, 267, 604
1451, 81, 135
1452, 626, 834
1453, 266, 382
1454, 86, 520
1455, 80, 511
1456, 84, 625
1457, 136, 180
1458, 872, 948
1459, 51, 929
1460, 730, 891
1461, 26, 661
1462, 362, 664
1463, 379, 456
1464, 882, 964
1465, 685, 766
1466, 359, 396
1467, 21, 586
1468, 157, 527
1469, 531, 658
1470, 142, 183
1471, 471, 785
1472, 423, 557
1473, 213, 925
1474, 113, 999
1475, 470, 632
1476, 713, 988
1477, 372, 411
1478, 370, 768
1479, 483, 916
1480, 458, 901
1481, 270, 476
1482, 119, 506
1483, 13, 291
1484, 169, 912
1485, 6, 908
1486, 277, 472
1487, 52, 405
1488, 444, 592
1489, 64, 222
1490, 265, 975
1491, 536, 849
1492, 25, 82
1493, 579, 704
1494, 345, 425
1495, 503, 708
1496, 489, 903
1497, 58, 973
1498, 822, 989
1499, 150, 743
1500, 187, 577
1501, 557, 650
1502, 153, 518
1503, 542, 720
1504, 912, 919
1505, 498, 673
1506, 763, 788
1507, 694, 750
1508, 512, 943
1509, 726, 805
1510, 411, 834
1511, 118, 148
1512, 438, 895
1513, 143, 383
1514, 262, 891
1515, 578, 990
1516, 347, 394
1517, 307, 428
1518, 165, 278
1519, 905, 999
1520, 138, 876
1521, 76, 872
1522, 170, 851
1523, 60, 695
1524, 496, 500
1525, 68, 332
1526, 377, 773
1527, 532, 683
1528, 733, 954
1529, 181, 648
1530, 39, 317
1531, 163, 482
1532, 8, 883
1533, 342, 996
1534, 15, 780
1535, 6, 721
1536, 53, 635
1537, 232, 392
1538, 226, 649
1539, 356, 986
1540, 203, 472
1541, 212, 418
1542, 395, 910
1543, 574, 846
1544, 446, 977
1545, 213, 214
1546, 197, 783
1547, 260, 379
1548, 164, 333
1549, 314, 765
1550, 869, 992
1551, 37, 337
1552, 591, 768
1553, 244, 642
1554, 318, 728
1555, 287, 330
1556, 364, 769
1557, 69, 942
1558, 274, 284
1559, 156, 939
1560, 455, 573
1561, 537, 653
1562, 66, 210
1563, 308, 448
1564, 49, 67
1565, 420, 753
1566, 375, 715
1567, 255, 397
1568, 237, 636
1569, 413, 897
1570, 539, 670
1571, 189, 263
1572, 370, 831
1573, 531, 802
1574, 25, 440
1575, 261, 933
1576, 443, 799
1577, 309, 522
1578, 126, 211
1579, 113, 612
1580, 155, 681
1581, 228, 709
1582, 59, 607
1583, 258, 357
1584, 100, 236
1585, 234, 875
1586, 16, 432
1587, 569, 624
1588, 20, 902
1589, 96, 313
1590, 503, 741
1591, 601, 866
1592, 417, 618
1593, 220, 722
1594, 615, 747
1595, 340, 629
1596, 452, 652
1597, 839, 985
1598, 268, 295
1599, 409, 890
1600, 502, 903
1601, 243, 329
1602, 177, 386
1603, 730, 854
1604, 2, 665
1605, 114, 659
1606, 676, 900
1607, 196, 655
1608, 583, 643
1609, 696, 786
1610, 219, 433
1611, 371, 832
1612, 852, 862
1613, 587, 634
1614, 628, 976
1615, 9, 980
1616, 549, 791
1617, 435, 550
1618, 336, 755
1619, 34, 368
1620, 198, 836
1621, 206, 434
1622, 52, 135
1623, 128, 972
1624, 191, 222
1625, 776, 807
1626, 660, 811
1627, 112, 739
1628, 192, 303
1629, 205, 749
1630, 511, 611
1631, 326, 543
1632, 427, 675
1633, 246, 991
1634, 423, 955
1635, 140, 690
1636, 920, 936
1637, 176, 796
1638, 145, 346
1639, 475, 937
1640, 48, 366
1641, 139, 604
1642, 430, 703
1643, 777, 973
1644, 504, 735
1645, 296, 402
1646, 99, 283
1647, 319, 719
1648, 27, 88
1649, 5, 606
1650, 65, 809
1651, 384, 752
1652, 301, 594
1653, 380, 899
1654, 657, 784
1655, 166, 693
1656, 467, 760
1657, 172, 678
1658, 554, 571
1659, 193, 277
1660, 93, 195
1661, 182, 746
1662, 273, 785
1663, 245, 892
1664, 620, 840
1665, 323, 835
1666, 72, 995
1667, 110, 149
1668, 483, 819
1669, 306, 320
1670, 293, 754
1671, 157, 493
1672, 354, 874
1673, 651, 740
1674, 239, 546
1675, 249, 415
1676, 168, 596
1677, 13, 488
1678, 376, 401
1679, 178, 647
1680, 188, 688
1681, 79, 963
1682, 154, 447
1683, 338, 833
1684, 374, 724
1685, 30, 915
1686, 22, 812
1687, 230, 922
1688, 209, 817
1689, 290, 509
1690, 95, 548
1691, 621, 702
1692, 951, 998
1693, 202, 667
1694, 54, 441
1695, 44, 331
1696, 215, 527
1697, 535, 794
1698, 158, 672
1699, 286, 563
1700, 171, 339
1701, 856, 886
1702, 120, 334
1703, 254, 871
1704, 227, 251
1705, 24, 857
1706, 490, 593
1707, 429, 824
1708, 489, 737
1709, 468, 880
1710, 541, 734
1711, 362, 405
1712, 506, 837
1713, 689, 946
1714, 878, 909
1715, 516, 959
1716, 517, 948
1717, 729, 960
1718, 109, 827
1719, 151, 718
1720, 289, 365
1721, 40, 838
1722, 547, 918
1723, 456, 566
1724, 94, 627
1725, 712, 808
1726, 671, 707
1727, 426, 592
1728, 137, 581
1729, 567, 877
1730, 576, 868
1731, 363, 622
1732, 85, 267
1733, 43, 162
1734, 404, 864
1735, 200, 437
1736, 298, 568
1737, 29, 81
1738, 180, 885
1739, 33, 545
1740, 588, 882
1741, 605, 929
1742, 136, 259
1743, 190, 407
1744, 141, 823
1745, 904, 924
1746, 793, 884
1747, 82, 645
1748, 934, 952
1749, 132, 183
1750, 744, 898
1751, 564, 713
1752, 152, 664
1753, 101, 358
1754, 217, 779
1755, 257, 947
1756, 797, 975
1757, 134, 416
1758, 508, 577
1759, 449, 881
1760, 327, 646
1761, 552, 553
1762, 62, 484
1763, 445, 815
1764, 223, 962
1765, 530, 656
1766, 803, 950
1767, 389, 616
1768, 469, 816
1769, 505, 654
1770, 804, 989
1771, 207, 322
1772, 241, 705
1773, 179, 412
1774, 373, 964
1775, 300, 888
1776, 47, 559
1777, 115, 704
1778, 359, 666
1779, 461, 589
1780, 271, 393
1781, 21, 534
1782, 252, 462
1783, 1, 50
1784, 161, 931
1785, 470, 813
1786, 751, 847
1787, 19, 269
1788, 491, 944
1789, 599, 745
1790, 349, 600
1791, 233, 305
1792, 56, 829
1793, 928, 941
1794, 706, 782
1795, 521, 710
1796, 14, 465
1797, 108, 958
1798, 106, 758
1799, 121, 381
1800, 250, 775
1801, 436, 983
1802, 685, 930
1803, 889, 984
1804, 204, 901
1805, 144, 459
1806, 12, 89
1807, 579, 630
1808, 124, 619
1809, 439, 700
1810, 916, 956
1811, 57, 582
1812, 41, 633
1813, 83, 348
1814, 400, 444
1815, 544, 738
1816, 609, 879
1817, 119, 993
1818, 253, 372
1819, 84, 691
1820, 841, 1000
1821, 276, 603
1822, 510, 767
1823, 586, 914
1824, 4, 442
1825, 585, 714
1826, 353, 921
1827, 142, 560
1828, 572, 736
1829, 640, 762
1830, 125, 224
1831, 147, 842
1832, 623, 806
1833, 275, 965
1834, 597, 742
1835, 497, 849
1836, 46, 867
1837, 343, 798
1838, 32, 231
1839, 73, 391
1840, 285, 800
1841, 167, 451
1842, 272, 431
1843, 396, 495
1844, 256, 668
1845, 61, 608
1846, 870, 932
1847, 123, 961
1848, 146, 235
1849, 859, 938
1850, 26, 893
1851, 187, 454
1852, 873, 906
1853, 242, 613
1854, 294, 399
1855, 328, 602
1856, 199, 424
1857, 325, 385
1858, 216, 711
1859, 35, 778
1860, 175, 194
1861, 479, 558
1862, 150, 625
1863, 463, 523
1864, 311, 513
1865, 97, 575
1866, 302, 595
1867, 17, 731
1868, 565, 865
1869, 55, 288
1870, 201, 382
1871, 787, 911
1872, 129, 855
1873, 637, 966
1874, 414, 631
1875, 91, 561
1876, 131, 225
1877, 499, 997
1878, 562, 848
1879, 321, 680
1880, 341, 701
1881, 133, 682
1882, 104, 507
1883, 3, 614
1884, 570, 764
1885, 184, 556
1886, 551, 774
1887, 11, 756
1888, 279, 821
1889, 387, 388
1890, 92, 419
1891, 515, 766
1892, 894, 987
1893, 23, 790
1894, 679, 757
1895, 116, 481
1896, 638, 844
1897, 315, 771
1898, 173, 410
1899, 345, 723
1900, 453, 772
1901, 662, 858
1902, 781, 913
1903, 10, 86
1904, 117, 850
1905, 265, 617
1906, 78, 492
1907, 264, 658
1908, 77, 494
1909, 471, 792
1910, 64, 536
1911, 801, 887
1912, 122, 266
1913, 42, 925
1914, 247, 994
1915, 208, 825
1916, 292, 487
1917, 102, 538
1918, 174, 708
1919, 478, 822
1920, 31, 111
1921, 74, 398
1922, 90, 770
1923, 7, 528
1924, 457, 524
1925, 280, 795
1926, 282, 967
1927, 520, 759
1928, 378, 860
1929, 127, 940
1930, 297, 390
1931, 87, 907
1932, 403, 406
1933, 818, 953
1934, 533, 861
1935, 351, 845
1936, 352, 727
1937, 598, 957
1938, 743, 968
1939, 218, 335
1940, 312, 830
1941, 519, 684
1942, 344, 927
1943, 270, 486
1944, 185, 316
1945, 36, 644
1946, 969, 970
1947, 80, 981
1948, 935, 949
1949, 63, 716
1950, 425, 725
1951, 476, 540
1952, 51, 814
1953, 229, 639
1954, 464, 761
1955, 843, 908
1956, 698, 863
1957, 310, 485
1958, 169, 501
1959, 584, 669
1960, 248, 626
1961, 590, 820
1962, 70, 71
1963, 58, 923
1964, 369, 610
1965, 160, 477
1966, 732, 789
1967, 304, 422
1968, 291, 674
1969, 159, 632
1970, 526, 896
1971, 299, 324
1972, 748, 971
1973, 103, 350
1974, 107, 186
1975, 105, 988
1976, 525, 974
1977, 529, 697
1978, 826, 982
1979, 717, 945
1980, 98, 580
1981, 460, 810
1982, 38, 480
1983, 677, 978
1984, 361, 367
1985, 360, 663
1986, 28, 474
1987, 240, 699
1988, 450, 926
1989, 408, 853
1990, 458, 917
1991, 45, 281
1992, 18, 641
1993, 355, 661
1994, 686, 979
1995, 75, 828
1996, 473, 692
1997, 221, 514
1998, 466, 555
1999, 238, 687
2000, 130, 421
2001, 70, 649
2002, 251, 294
2003, 353, 502
2004, 375, 654
2005, 177, 547
2006, 149, 633
2007, 63, 140
2008, 276, 450
2009, 100, 851
2010, 609, 620
2011, 254, 573
2012, 210, 892
2013, 409, 735
2014, 474, 608
2015, 200, 335
2016, 459, 978
2017, 104, 889
2018, 5, 812
2019, 127, 216
2020, 391, 875
2021, 201, 772
2022, 949, 986
2023, 19, 38
2024, 230, 357
2025, 389, 442
2026, 197, 363
2027, 136, 219
2028, 105, 326
2029, 531, 866
2030, 13, 658
2031, 604, 768
2032, 615, 730
2033, 696, 814
2034, 114, 270
2035, 719, 926
2036, 214, 501
2037, 806, 973
2038, 712, 782
2039, 62, 298
2040, 591, 861
2041, 66, 760
2042, 85, 106
2043, 462, 855
2044, 424, 773
2045, 89, 303
2046, 87, 239
2047, 410, 634
2048, 31, 525
2049, 313, 594
2050, 22, 480
2051, 625, 783
2052, 481, 921
2053, 249, 724
2054, 694, 714
2055, 483, 614
2056, 387, 492
2057, 607, 653
2058, 284, 952
2059, 437, 590
2060, 187, 662
2061, 16, 931
2062, 610, 635
2063, 825, 970
2064, 329, 394
2065, 231, 995
2066, 29, 636
2067, 460, 744
2068, 279, 482
2069, 359, 644
2070, 597, 815
2071, 301, 407
2072, 58, 886
2073, 467, 706
2074, 639, 679
2075, 28, 781
2076, 364, 443
2077, 217, 567
2078, 175, 893
2079, 3, 415
2080, 14, 314
2081, 151, 732
2082, 120, 830
2083, 611, 731
2084, 163, 495
2085, 370, 605
2086, 739, 807
2087, 161, 869
2088, 874, 885
2089, 383, 879
2090, 61, 602
2091, 466, 780
2092, 334, 503
2093, 80, 141
2094, 88, 536
2095, 622, 745
2096, 167, 975
2097, 661, 859
2098, 77, 469
2099, 351, 568
2100, 242, 621
2101, 802, 968
2102, 523, 961
2103, 532, 657
2104, 580, 643
2105, 981, 985
2106, 300, 996
2107, 377, 556
2108, 128, 432
2109, 929, 953
2110, 599, 617
2111, 253, 826
2112, 414, 917
2113, 90, 562
2114, 152, 753
2115, 367, 453
2116, 148, 524
2117, 57, 655
2118, 260, 596
2119, 172, 241
2120, 287, 360
2121, 42, 945
2122, 91, 340
2123, 289, 987
2124, 542, 718
2125, 8, 37
2126, 386, 677
2127, 218, 624
2128, 92, 185
2129, 640, 650
2130, 129, 354
2131, 332, 417
2132, 67, 999
2133, 681, 828
2134, 59, 268
2135, 135, 857
2136, 288, 397
2137, 256, 299
2138, 33, 430
2139, 226, 722
2140, 50, 143
2141, 400, 705
2142, 190, 850
2143, 355, 626
2144, 160, 280
2145, 526, 834
2146, 674, 907
2147, 966, 979
2148, 166, 311
2149, 842, 923
2150, 564, 837
2151, 79, 118
2152, 35, 883
2153, 45, 108
2154, 252, 847
2155, 316, 504
2156, 202, 675
2157, 84, 982
2158, 579, 1000
2159, 323, 951
2160, 159, 312
2161, 398, 709
2162, 749, 758
2163, 257, 544
2164, 348, 559
2165, 240, 685
2166, 275, 421
2167, 548, 752
2168, 498, 572
2169, 401, 666
2170, 234, 699
2171, 470, 671
2172, 291, 835
2173, 191, 571
2174, 290, 468
2175, 96, 642
2176, 237, 778
2177, 673, 881
2178, 110, 537
2179, 333, 940
2180, 103, 378
2181, 74, 384
2182, 328, 853
2183, 173, 822
2184, 766, 939
2185, 794, 865
2186, 7, 854
2187, 247, 471
2188, 341, 538
2189, 204, 687
2190, 23, 406
2191, 6, 506
2192, 345, 438
2193, 683, 711
2194, 158, 762
2195, 170, 246
2196, 71, 891
2197, 124, 521
2198, 302, 322
2199, 715, 738
2200, 125, 233
2201, 75, 81
2202, 266, 486
2203, 65, 258
2204, 362, 845
2205, 516, 933
2206, 30, 906
2207, 586, 684
2208, 664, 967
2209, 46, 553
2210, 278, 555
2211, 93, 723
2212, 477, 955
2213, 408, 598
2214, 789, 804
2215, 776, 880
2216, 489, 690
2217, 94, 645
2218, 112, 563
2219, 418, 919
2220, 435, 737
2221, 494, 818
2222, 325, 368
2223, 24, 707
2224, 192, 552
2225, 146, 263
2226, 171, 245
2227, 53, 819
2228, 628, 848
2229, 168, 507
2230, 601, 964
2231, 785, 972
2232, 206, 465
2233, 613, 656
2234, 255, 535
2235, 327, 603
2236, 147, 821
2237, 478, 541
2238, 259, 799
2239, 380, 638
2240, 390, 816
2241, 743, 942
2242, 86, 448
2243, 545, 693
2244, 153, 890
2245, 352, 509
2246, 39, 227
2247, 221, 801
2248, 193, 988
2249, 274, 632
2250, 499, 750
2251, 205, 898
2252, 228, 918
2253, 497, 846
2254, 131, 922
2255, 350, 962
2256, 238, 993
2257, 236, 787
2258, 169, 740
2259, 514, 761
2260, 126, 992
2261, 631, 974
2262, 113, 395
2263, 336, 827
2264, 440, 461
2265, 207, 306
2266, 584, 647
2267, 11, 629
2268, 123, 271
2269, 463, 695
2270, 439, 786
2271, 12, 339
2272, 505, 540
2273, 346, 527
2274, 500, 511
2275, 456, 912
2276, 444, 512
2277, 277, 319
2278, 774, 810
2279, 56, 109
2280, 788, 884
2281, 592, 914
2282, 393, 413
2283, 179, 425
2284, 119, 262
2285, 4, 102
2286, 704, 897
2287, 47, 991
2288, 667, 910
2289, 665, 838
2290, 209, 823
2291, 958, 960
2292, 310, 833
2293, 82, 365
2294, 337, 569
2295, 751, 791
2296, 725, 900
2297, 198, 244
2298, 285, 309
2299, 376, 419
2300, 427, 627
2301, 321, 905
2302, 199, 769
2303, 338, 630
2304, 32, 686
2305, 436, 808
2306, 121, 839
2307, 69, 852
2308, 331, 454
2309, 385, 948
2310, 248, 703
2311, 392, 560
2312, 296, 748
2313, 183, 305
2314, 76, 899
2315, 449, 832
2316, 44, 229
2317, 215, 308
2318, 235, 587
2319, 793, 924
2320, 78, 115
2321, 134, 194
2322, 297, 399
2323, 431, 911
2324, 873, 916
2325, 347, 582
2326, 765, 831
2327, 156, 895
2328, 811, 915
2329, 517, 909
2330, 17, 98
2331, 18, 519
2332, 472, 488
2333, 606, 721
2334, 784, 901
2335, 366, 840
2336, 196, 956
2337, 374, 944
2338, 48, 211
2339, 101, 349
2340, 676, 904
2341, 446, 908
2342, 20, 551
2343, 182, 212
2344, 539, 969
2345, 27, 980
2346, 578, 868
2347, 691, 957
2348, 111, 682
2349, 52, 550
2350, 701, 894
2351, 856, 858
2352, 361, 404
2353, 528, 534
2354, 946, 977
2355, 877, 984
2356, 447, 651
2357, 9, 484
2358, 903, 928
2359, 150, 836
2360, 342, 485
2361, 746, 813
2362, 154, 717
2363, 51, 983
2364, 585, 672
2365, 223, 790
2366, 286, 800
2367, 142, 273
2368, 155, 250
2369, 133, 574
2370, 138, 369
2371, 117, 935
2372, 15, 282
2373, 64, 913
2374, 493, 771
2375, 107, 330
2376, 165, 660
2377, 174, 678
2378, 473, 557
2379, 195, 997
2380, 930, 943
2381, 2, 742
2382, 546, 759
2383, 272, 755
2384, 83, 593
2385, 318, 588
2386, 344, 841
2387, 457, 669
2388, 513, 989
2389, 176, 388
2390, 36, 292
2391, 21, 186
2392, 581, 932
2393, 382, 600
2394, 222, 797
2395, 144, 317
2396, 356, 888
2397, 116, 490
2398, 373, 441
2399, 178, 864
2400, 232, 963
2401, 434, 754
2402, 265, 428
2403, 405, 420
2404, 68, 139
2405, 307, 937
2406, 698, 713
2407, 261, 680
2408, 659, 976
2409, 122, 863
2410, 295, 515
2411, 320, 575
2412, 164, 747
2413, 371, 757
2414, 145, 729
2415, 43, 817
2416, 458, 475
2417, 372, 576
2418, 1, 741
2419, 225, 423
2420, 324, 764
2421, 41, 950
2422, 54, 843
2423, 180, 954
2424, 10, 796
2425, 130, 157
2426, 533, 941
2427, 381, 779
2428, 577, 862
2429, 402, 716
2430, 805, 896
2431, 803, 971
2432, 34, 566
2433, 491, 756
2434, 668, 809
2435, 496, 529
2436, 824, 872
2437, 433, 561
2438, 162, 570
2439, 554, 619
2440, 736, 925
2441, 264, 936
2442, 646, 867
2443, 549, 947
2444, 25, 508
2445, 618, 870
2446, 220, 445
2447, 728, 887
2448, 358, 670
2449, 637, 763
2450, 726, 878
2451, 95, 476
2452, 343, 902
2453, 55, 697
2454, 73, 479
2455, 267, 965
2456, 455, 959
2457, 304, 648
2458, 520, 700
2459, 283, 452
2460, 518, 688
2461, 213, 403
2462, 188, 720
2463, 882, 938
2464, 26, 920
2465, 189, 412
2466, 243, 876
2467, 589, 689
2468, 315, 396
2469, 208, 871
2470, 616, 777
2471, 565, 710
2472, 184, 849
2473, 411, 934
2474, 663, 692
2475, 137, 795
2476, 543, 652
2477, 40, 281
2478, 72, 269
2479, 49, 994
2480, 132, 641
2481, 181, 293
2482, 464, 792
2483, 702, 767
2484, 99, 224
2485, 708, 734
2486, 595, 623
2487, 530, 927
2488, 426, 612
2489, 487, 510
2490, 583, 820
2491, 451, 990
2492, 798, 998
2493, 522, 770
2494, 416, 558
2495, 422, 860
2496, 727, 775
2497, 60, 733
2498, 429, 844
2499, 203, 829
2500, 97, 379
2501, 196, 265
2502, 353, 505
2503, 22, 875
2504, 430, 876
2505, 236, 670
2506, 46, 489
2507, 590, 897
2508, 406, 971
2509, 550, 941
2510, 651, 954
2511, 485, 785
2512, 700, 813
2513, 1, 993
2514, 151, 555
2515, 792, 862
2516, 102, 705
2517, 214, 385
2518, 516, 552
2519, 769, 799
2520, 157, 216
2521, 183, 767
2522, 568, 716
2523, 186, 975
2524, 732, 883
2525, 509, 846
2526, 63, 933
2527, 245, 418
2528, 21, 158
2529, 458, 860
2530, 337, 643
2531, 699, 934
2532, 72, 312
2533, 810, 921
2534, 711, 976
2535, 162, 778
2536, 108, 779
2537, 487, 534
2538, 790, 881
2539, 233, 309
2540, 89, 277
2541, 180, 838
2542, 339, 750
2543, 327, 878
2544, 615, 848
2545, 296, 997
2546, 424, 890
2547, 227, 805
2548, 141, 811
2549, 84, 270
2550, 390, 996
2551, 49, 150
2552, 171, 267
2553, 19, 397
2554, 567, 620
2555, 531, 575
2556, 872, 967
2557, 152, 603
2558, 33, 949
2559, 450, 780
2560, 470, 852
2561, 633, 731
2562, 654, 867
2563, 25, 730
2564, 497, 823
2565, 61, 280
2566, 445, 939
2567, 828, 986
2568, 50, 57
2569, 449, 736
2570, 432, 984
2571, 362, 740
2572, 103, 407
2573, 409, 463
2574, 540, 616
2575, 167, 348
2576, 477, 756
2577, 242, 315
2578, 360, 936
2579, 413, 962
2580, 308, 527
2581, 189, 836
2582, 594, 664
2583, 304, 985
2584, 88, 935
2585, 209, 645
2586, 343, 400
2587, 11, 109
2588, 472, 715
2589, 298, 638
2590, 287, 488
2591, 27, 667
2592, 231, 854
2593, 118, 480
2594, 87, 422
2595, 341, 717
2596, 331, 525
2597, 126, 473
2598, 154, 515
2599, 134, 877
2600, 771, 822
2601, 311, 930
2602, 614, 618
2603, 833, 972
2604, 8, 892
2605, 319, 328
2606, 574, 782
2607, 68, 864
2608, 107, 728
2609, 583, 978
2610, 297, 352
2611, 119, 250
2612, 557, 744
2613, 726, 914
2614, 426, 783
2615, 91, 948
2616, 332, 411
2617, 380, 706
2618, 661, 937
2619, 474, 545
2620, 28, 856
2621, 766, 951
2622, 184, 909
2623, 299, 956
2624, 114, 676
2625, 612, 839
2626, 97, 402
2627, 279, 946
2628, 417, 533
2629, 460, 988
2630, 190, 461
2631, 197, 212
2632, 115, 543
2633, 377, 943
2634, 687, 709
2635, 541, 720
2636, 125, 900
2637, 75, 490
2638, 560, 702
2639, 175, 851
2640, 94, 143
2641, 229, 410
2642, 606, 882
2643, 554, 681
2644, 225, 305
2645, 675, 938
2646, 9, 754
2647, 15, 462
2648, 290, 578
2649, 81, 609
2650, 38, 436
2651, 329, 995
2652, 355, 553
2653, 12, 704
2654, 712, 758
2655, 551, 684
2656, 200, 425
2657, 76, 961
2658, 116, 405
2659, 39, 772
2660, 420, 812
2661, 31, 685
2662, 537, 910
2663, 168, 438
2664, 128, 442
2665, 338, 721
2666, 665, 791
2667, 674, 786
2668, 713, 979
2669, 47, 210
2670, 32, 760
2671, 313, 566
2672, 120, 453
2673, 847, 940
2674, 393, 980
2675, 391, 640
2676, 372, 689
2677, 203, 655
2678, 363, 626
2679, 74, 793
2680, 146, 647
2681, 160, 439
2682, 437, 469
2683, 164, 521
2684, 306, 659
2685, 41, 899
2686, 398, 764
2687, 7, 513
2688, 104, 124
2689, 17, 246
2690, 893, 994
2691, 240, 506
2692, 382, 742
2693, 135, 254
2694, 861, 945
2695, 223, 373
2696, 544, 695
2697, 303, 857
2698, 719, 891
2699, 100, 649
2700, 427, 625
2701, 433, 733
2702, 601, 802
2703, 368, 500
2704, 70, 743
2705, 295, 565
2706, 67, 832
2707, 272, 579
2708, 602, 768
2709, 105, 631
2710, 193, 950
2711, 657, 844
2712, 153, 435
2713, 459, 871
2714, 660, 850
2715, 111, 809
2716, 77, 918
2717, 256, 275
2718, 99, 981
2719, 96, 604
2720, 213, 364
2721, 156, 291
2722, 580, 748
2723, 206, 630
2724, 140, 588
2725, 218, 542
2726, 187, 680
2727, 198, 502
2728, 481, 835
2729, 759, 801
2730, 788, 982
2731, 301, 907
2732, 44, 924
2733, 484, 608
2734, 688, 821
2735, 634, 795
2736, 336, 837
2737, 161, 532
2738, 283, 561
2739, 528, 595
2740, 692, 859
2741, 24, 346
2742, 587, 671
2743, 569, 827
2744, 401, 804
2745, 195, 314
2746, 13, 741
2747, 486, 559
2748, 230, 431
2749, 66, 370
2750, 536, 718
2751, 529, 855
2752, 326, 825
2753, 249, 452
2754, 666, 963
2755, 586, 929
2756, 396, 734
2757, 494, 501
2758, 757, 808
2759, 428, 843
2760, 177, 495
2761, 350, 610
2762, 16, 926
2763, 968, 970
2764, 6, 919
2765, 300, 524
2766, 278, 693
2767, 572, 895
2768, 82, 807
2769, 763, 942
2770, 169, 349
2771, 205, 794
2772, 302, 658
2773, 129, 977
2774, 165, 288
2775, 130, 710
2776, 131, 696
2777, 43, 656
2778, 519, 597
2779, 797, 896
2780, 381, 389
2781, 192, 444
2782, 904, 983
2783, 30, 144
2784, 957, 966
2785, 293, 317
2786, 354, 753
2787, 55, 252
2788, 483, 589
2789, 345, 585
2790, 261, 403
2791, 443, 617
2792, 628, 722
2793, 423, 873
2794, 285, 920
2795, 440, 492
2796, 20, 122
2797, 379, 902
2798, 840, 853
2799, 637, 669
2800, 23, 321
2801, 318, 383
2802, 3, 264
2803, 281, 622
2804, 376, 478
2805, 507, 884
2806, 416, 868
2807, 255, 276
2808, 85, 132
2809, 441, 770
2810, 289, 607
2811, 176, 787
2812, 394, 451
2813, 110, 912
2814, 37, 621
2815, 419, 539
2816, 538, 598
2817, 211, 707
2818, 139, 992
2819, 520, 646
2820, 191, 677
2821, 98, 238
2822, 273, 925
2823, 221, 468
2824, 166, 172
2825, 404, 697
2826, 650, 916
2827, 639, 834
2828, 262, 673
2829, 814, 842
2830, 53, 69
2831, 325, 546
2832, 623, 819
2833, 247, 421
2834, 596, 635
2835, 518, 798
2836, 244, 258
2837, 243, 866
2838, 194, 510
2839, 106, 990
2840, 320, 613
2841, 729, 908
2842, 324, 378
2843, 80, 112
2844, 330, 889
2845, 475, 668
2846, 573, 886
2847, 40, 592
2848, 26, 745
2849, 127, 738
2850, 448, 653
2851, 294, 367
2852, 237, 335
2853, 652, 922
2854, 471, 691
2855, 56, 215
2856, 344, 944
2857, 476, 775
2858, 446, 781
2859, 874, 991
2860, 241, 263
2861, 179, 384
2862, 815, 817
2863, 570, 931
2864, 820, 903
2865, 466, 952
2866, 845, 905
2867, 259, 464
2868, 340, 831
2869, 642, 751
2870, 202, 571
2871, 145, 548
2872, 73, 947
2873, 858, 898
2874, 774, 818
2875, 58, 163
2876, 182, 535
2877, 366, 556
2878, 220, 906
2879, 829, 879
2880, 577, 582
2881, 36, 310
2882, 694, 989
2883, 508, 777
2884, 2, 969
2885, 95, 880
2886, 663, 923
2887, 60, 92
2888, 624, 765
2889, 18, 219
2890, 517, 584
2891, 5, 953
2892, 93, 113
2893, 149, 735
2894, 415, 457
2895, 429, 789
2896, 493, 627
2897, 496, 562
2898, 178, 271
2899, 234, 591
2900, 593, 599
2901, 678, 915
2902, 45, 159
2903, 253, 369
2904, 142, 173
2905, 351, 514
2906, 10, 138
2907, 323, 887
2908, 204, 816
2909, 14, 408
2910, 174, 491
2911, 467, 885
2912, 465, 662
2913, 48, 482
2914, 727, 959
2915, 611, 894
2916, 201, 224
2917, 260, 739
2918, 456, 965
2919, 679, 927
2920, 648, 686
2921, 4, 286
2922, 188, 268
2923, 683, 737
2924, 274, 563
2925, 42, 761
2926, 322, 365
2927, 64, 619
2928, 170, 974
2929, 121, 137
2930, 549, 973
2931, 399, 1000
2932, 35, 526
2933, 581, 725
2934, 361, 414
2935, 386, 841
2936, 90, 374
2937, 51, 412
2938, 830, 917
2939, 284, 636
2940, 78, 928
2941, 333, 755
2942, 530, 690
2943, 512, 955
2944, 62, 746
2945, 207, 388
2946, 136, 357
2947, 83, 359
2948, 117, 371
2949, 564, 958
2950, 434, 698
2951, 226, 392
2952, 334, 762
2953, 503, 558
2954, 307, 800
2955, 155, 523
2956, 641, 796
2957, 803, 901
2958, 358, 547
2959, 282, 347
2960, 269, 644
2961, 29, 65
2962, 342, 455
2963, 454, 504
2964, 228, 999
2965, 239, 749
2966, 79, 865
2967, 703, 708
2968, 148, 913
2969, 499, 522
2970, 147, 447
2971, 34, 133
2972, 605, 998
2973, 54, 248
2974, 806, 849
2975, 387, 498
2976, 251, 257
2977, 773, 869
2978, 784, 911
2979, 59, 71
2980, 479, 714
2981, 222, 824
2982, 375, 632
2983, 123, 217
2984, 701, 723
2985, 52, 266
2986, 316, 752
2987, 235, 576
2988, 600, 863
2989, 101, 987
2990, 356, 724
2991, 185, 208
2992, 199, 776
2993, 232, 964
2994, 629, 682
2995, 181, 292
2996, 86, 672
2997, 747, 932
2998, 826, 960
2999, 395, 870
3000, 511, 888
